Date,PositiveReturn,PredictedValue,PredictedMinusActual,Close,EquityPriceReturns,BAMLH0A0HYM2,BAMLC0A0CM,BAMLC0A4CBBB,BAMLH0A1HYBB,BAMLH0A3HYC,Equity_Position,Strategy_Cum_Rtn,Equity_Cum_Rtn
2018-12-17,0,1,1,242.2222595,-0.019618345,-0.005882353,-0.008403361,-0.006622517,-0.004524887,-0.010174419,-0.019618345,0.980381655,0.980381655
2018-12-18,0,1,1,241.9566498,-0.001096554,-0.00887574,-0.008474576,-0.006666667,-0.013636364,-0.004405286,-0.001096554,0.9793066135746831,0.9793066135746831
2018-12-19,0,1,1,238.3331757,-0.014975716,-0.017910448,-0.008547009,-0.013422819,-0.01843318,-0.010324484,-0.014975716,0.9646407958528669,0.9646407958528669
2018-12-20,0,1,1,234.4535828,-0.016278023,0.0,-0.00862069,0.0,0.004694836,-0.001490313,-0.016278023,0.9489383507912356,0.9489383507912356
2018-12-21,0,1,1,229.6497498,-0.020489484,-0.015197568,0.0,-0.006802721,-0.018691589,-0.007462687,-0.020489484,0.9294950936357123,0.9294950936357123
2018-12-24,0,1,1,223.5817413,-0.026422883,0.0,-0.008695652,-0.006849315,-0.004761905,0.001503759,-0.026422883,0.9049351535275019,0.9049351535275019
2018-12-26,1,0,-1,234.8781738,0.050524844,0.00308642,-0.00877193,-0.006896552,0.009569378,-0.004504505,0.0,0.9049351535275019,0.9506568609895949
2018-12-27,1,0,-1,236.6814117,0.007677333,0.0,0.0,-0.006944444,0.004739336,-0.001508296,0.0,0.9049351535275019,0.9579553702801467
2018-12-28,0,1,1,236.3760986,-0.001289975,0.009230769,0.0,0.006993007,0.009433962,0.01510574,-0.001289975,0.9037678098028302,0.9567196318013694
2018-12-31,1,0,-1,238.4464417,0.008758682,-0.006097561,-0.008849558,-0.006944444,-0.004672897,-0.010416667,0.0,0.9037678098028302,0.9650992348194748
2019-01-02,1,1,0,238.694519,0.00104039,0.003067485,0.0,0.0,0.0,0.0,0.00104039,0.904708080794471,0.9661033144123886
2019-01-03,0,1,1,232.998642,-0.023862622,-0.006116208,0.0,-0.006993007,-0.004694836,-0.004511278,-0.023862622,0.883119373842127,0.9430495562076187
2019-01-04,1,0,-1,240.8030701,0.033495595,-0.003076923,-0.008928571,-0.007042254,0.0,-0.004531722,0.0,0.883119373842127,0.9746375622072788
2019-01-07,1,1,0,242.7017212,0.007884663,0.012345679,0.018018018,0.014184397,0.004716981,0.02276176,0.007884663,0.8900824724936433,0.9823222509324248
2019-01-08,1,1,0,244.9820099,0.009395437,-0.018292683,0.0,0.0,-0.018779343,-0.007418398,0.009395437,0.8984451862887615,0.9915515977547585
2019-01-09,1,1,0,246.1269226,0.004673456,0.0,0.0,0.0,0.0,-0.002989537,0.004673456,0.9026440303352937,0.996185570518595
2019-01-10,1,1,0,246.9951324,0.003527488,-0.01863354,-0.017699115,-0.013986014,-0.028708134,-0.010494753,0.003527488,0.9058280963205732,0.9996996031643726
2019-01-11,1,1,0,247.0905762,0.000386419,0.041139241,0.009009009,0.007092199,0.054187192,0.025757576,0.000386419,0.9061781255077253,1.0000859060853278
2019-01-14,0,1,1,245.5830688,-0.006101031,0.009118541,0.008928571,0.007042254,0.014018692,0.005908419,-0.006101031,0.9006495046724807,0.9939843509696381
2019-01-15,1,1,0,248.397644,0.011460787,0.0,0.0,0.0,0.0,0.0,0.011460787,0.9109716568071876,1.0053761938974344
2019-01-16,1,1,0,248.998703,0.002419745,0.027108434,0.0,0.0,0.041474654,0.01174743,0.002419745,0.9131759759188885,1.0078089479157368
2019-01-17,1,1,0,250.8878174,0.007586844,0.029325513,0.0,0.0,0.039823009,0.017416546,0.007586844,0.9201040995927329,1.0154550371853777
2019-01-18,1,1,0,254.2271881,0.013310215,0.01994302,0.026548673,0.027972028,0.021276596,0.021398003,0.013310215,0.9323508829806936,1.028970962053148
2019-01-22,0,1,1,250.7924042,-0.013510687,-0.014124294,-0.00862069,-0.006802721,-0.021097046,-0.007052186,-0.013510687,0.9197541820265678,1.015068857452759
2019-01-23,1,1,0,251.3171692,0.002092428,-0.011461318,0.008695652,0.006849315,-0.012931034,-0.004261364,0.002092428,0.9216787014301574,1.0171928159520214
2019-01-24,1,1,0,251.4507294,0.000531441,0.0,0.0,0.0,-0.004366812,0.0,0.000531441,0.922168519280924,1.0177333939193236
2019-01-25,1,1,0,253.5783539,0.008461397,0.017391304,0.00862069,0.006802721,0.026315789,0.005706134,0.008461397,0.9299713532234621,1.0263448402054325
2019-01-28,0,0,0,251.6510925,-0.00760026,0.0,0.0,0.0,0.0,-0.004255319,-0.0,0.9299713532234621,1.0185443525702127
2019-01-29,0,1,1,251.3171692,-0.00132693,0.002849003,0.008547009,0.006756757,0.004273504,0.004273504,-0.00132693,0.9287373463357294,1.0171928155124568
2019-01-30,1,1,0,255.2957001,0.015830717,0.036931818,0.016949153,0.020134228,0.046808511,0.025531915,0.015830717,0.9434399244329014,1.0332957071092677
2019-01-31,1,0,-1,257.5378113,0.008782409,0.008219178,-0.008333333,-0.006578947,0.008130081,0.012448133,0.0,0.9434399244329014,1.0423705326270454
2019-02-01,1,1,0,257.6618347,0.000481574,0.010869565,0.025210084,0.01986755,0.004032258,0.017759563,0.000481574,0.9438942605710702,1.0428725111739245
2019-02-04,1,0,-1,259.4746094,0.00703548,0.034946237,0.008196721,0.012987013,0.044176707,0.024161074,0.0,0.9438942605710702,1.0502096198688387
2019-02-05,1,1,0,260.5623169,0.004191961,-0.002597403,0.0,0.0,-0.007692308,0.005242464,0.004191961,0.947851028499508,1.0546120576371538
2019-02-06,0,1,1,260.2188721,-0.001318091,0.013020833,0.016260163,0.012820513,0.003875969,0.026075619,-0.001318091,0.9466016745895021,1.0532219829754907
2019-02-07,0,0,0,257.7381897,-0.009533061,-0.020565553,0.0,0.0,-0.023166023,0.0,-0.0,0.9466016745895021,1.0431815535652444
2019-02-08,1,1,0,258.0530396,0.001221588,0.0,0.008,0.012658228,0.0,0.005082592,0.001221588,0.9477580318359604,1.044455891632901
2019-02-11,1,0,-1,258.196167,0.000554644,-0.023622047,-0.015873016,-0.0125,-0.035573123,-0.01011378,0.0,0.9477580318359604,1.0450351928264598
2019-02-12,1,1,0,261.5163879,0.012859296,0.0,0.008064516,0.0,-0.004098361,0.003831418,0.012859296,0.9599455329037164,1.0584736097014324
2019-02-13,1,1,0,262.3655701,0.003247147,-0.010752688,-0.016,-0.012658228,-0.016460905,-0.006361323,0.003247147,0.9630626171610481,1.0619106291077536
2019-02-14,0,1,1,261.7834778,-0.002218631,-0.02173913,-0.008130081,-0.006410256,-0.029288703,-0.008962868,-0.002218631,0.9609259365836735,1.0595546412667856
2019-02-15,1,1,0,264.6362915,0.010897608,-0.008333333,0.0,-0.006451613,-0.017241379,0.002583979,0.010897608,0.9713977307575953,1.0711012524018917
2019-02-19,1,1,0,265.0941772,0.001730245,0.0,0.0,0.0,-0.0041841,0.0,0.001730245,0.97307848682425,1.072954519988354
2019-02-20,1,1,0,265.6285095,0.002015632,0.04851752,0.024390244,0.025641026,0.06302521,0.03379224,0.002015632,0.9750398549608046,1.075117201453387
2019-02-21,0,0,0,264.68396,-0.003555904,0.025706941,0.023809524,0.025,0.035573123,0.01937046,-0.0,0.9750398549608046,1.07129418789627
2019-02-22,1,0,-1,266.3250427,0.006200159,0.030075188,0.031007752,0.024390244,0.034351145,0.028503563,0.0,0.9750398549608046,1.077936382197003
2019-02-25,1,1,0,266.687561,0.001361187,0.01703163,0.007518797,0.011904762,0.025830258,0.012702079,0.001361187,0.9763670665358593,1.0794036551872765
2019-02-26,0,1,1,266.4967651,-0.000715429,0.016746411,0.014925373,0.011764706,0.014388489,0.01368301,-0.000715429,0.9756685452218146,1.0786314185096495
2019-02-27,0,1,1,266.3822937,-0.000429542,0.018823529,0.022058824,0.023255814,0.021276596,0.023622047,-0.000429542,0.9752494546035629,1.07816810101288
2019-02-28,0,1,1,265.8861694,-0.001862452,-0.020785219,-0.007194245,-0.005681818,-0.027777778,-0.012087912,-0.001862452,0.9734330993063376,1.0761600646768124
2019-03-01,1,1,0,267.5462036,0.006243402,0.002358491,0.0,0.005714286,0.0,0.0,0.006243402,0.9795106334654129,1.0828789645769357
2019-03-04,0,0,0,266.5730591,-0.003637295,0.009411765,0.0,0.0,0.010714286,0.011123471,-0.0,0.9795106334654129,1.0789402143334748
2019-03-05,0,0,0,266.2105103,-0.001360036,-0.006993007,0.0,-0.005681818,-0.010600707,-0.00220022,-0.0,0.9795106334654129,1.0774728168001335
2019-03-06,0,1,1,264.598114,-0.006056847,0.011737089,0.014492754,0.017142857,0.014285714,0.009922822,-0.006056847,0.9735778874236398,1.0709467288021162
2019-03-07,0,1,1,262.384613,-0.008365521,-0.013921114,0.007142857,0.005617978,-0.017605634,-0.002183406,-0.008365521,0.9654334011612618,1.0619877014524408
2019-03-08,0,1,1,261.8598633,-0.001999926,-0.007058824,0.007092199,0.005586592,-0.010752688,0.001094092,-0.001999926,0.9635026058010109,1.0598638046366258
2019-03-11,1,1,0,265.657135,0.01450116,0.016587678,0.021126761,0.022222222,0.014492754,0.006557377,0.01450116,0.9774745112481483,1.0752330592458703
2019-03-12,1,1,0,266.658905,0.003770913,-0.020979021,-0.006896552,-0.005434783,-0.025,-0.018458198,0.003770913,0.9811604825897827,1.0792876695670104
2019-03-13,1,1,0,268.4240417,0.006619455,0.021428571,0.013888889,0.016393443,0.032967033,0.013274336,0.006619455,0.9876552302520641,1.0864319657277641
2019-03-14,0,1,1,268.2522583,-0.00063997,0.0,0.0,0.0,0.0,0.0,-0.00063997,0.9870231605343597,1.0857366818626573
2019-03-15,1,1,0,269.5776062,0.004940678,0.048951049,0.034246575,0.02688172,0.060283688,0.036026201,0.004940678,0.9918997241491023,1.0911009572005292
2019-03-18,1,0,-1,270.5550537,0.003625848,0.0,0.0,0.005235602,0.0,0.001053741,0.0,0.9918997241491023,1.0950571234239928
2019-03-19,1,1,0,270.6221619,0.000248039,0.013333333,0.006622517,0.005208333,0.010033445,0.013684211,0.000248039,0.9921457539647804,1.0953287402978296
2019-03-20,0,0,0,269.8075562,-0.003010122,-0.01754386,-0.006578947,-0.005181347,-0.023178808,-0.007268951,-0.0,0.9921457539647804,1.0920316671594268
2019-03-21,1,1,0,272.8549805,0.011294807,-0.017857143,-0.006622517,-0.010416667,-0.030508475,-0.009414226,0.011294807,1.0033518487716822,1.1043659540778807
2019-03-22,0,0,0,267.6035156,-0.019246359,-0.002272727,-0.013333333,-0.010526316,-0.006993007,0.003167899,-0.0,1.0033518487716822,1.0831109304583202
2019-03-25,0,1,1,267.4022827,-0.000751982,0.01594533,0.0,0.0,0.021126761,0.009473684,-0.000751982,1.002597346241739,1.0822964505346122
2019-03-26,1,1,0,269.3955383,0.007454146,0.02690583,0.0,0.0,0.031034483,0.025026069,0.007454146,1.0100708532398375,1.0903640462921789
2019-03-27,0,1,1,267.9868469,-0.005229082,0.030567686,0.006756757,0.005319149,0.030100334,0.026449644,-0.005229082,1.0047891099224364,1.0846624432842653
2019-03-28,1,1,0,269.0026245,0.003790401,0.025423729,0.0,0.005291005,0.035714286,0.015857284,0.003790401,1.0085976635694756,1.0887737488939524
2019-03-29,1,1,0,270.698822,0.006305505,0.055785124,0.020134228,0.021052632,0.065830721,0.048780488,0.006305505,1.0149573811801011,1.095639017211472
2019-04-01,1,0,-1,273.9090881,0.01185918,0.024904215,0.006493506,0.005102041,0.028653295,0.016438356,0.0,1.0149573811801011,1.1086323975316061
2019-04-02,1,1,0,274.0432129,0.000489669,0.003738318,0.006451613,0.005076142,0.008356546,0.001796945,0.000489669,1.0154543743459863,1.109175260449073
2019-04-03,1,1,0,274.4744873,0.001573746,0.001862197,0.006410256,0.01010101,0.002762431,-0.001793722,0.001573746,1.0170524416057958,1.1109208205785037
2019-04-04,1,1,0,275.2028198,0.002653553,-0.014869888,0.006369427,0.005,-0.019283747,-0.012578616,0.002653553,1.0197512441633763,1.1138687078547123
2019-04-05,1,1,0,276.5348206,0.004840069,0.005660377,0.006329114,0.004975124,0.011235955,0.004549591,0.004840069,1.0246869105479628,1.1192599092576698
2019-04-08,1,1,0,276.7456665,0.000762457,0.003752345,0.006289308,0.004950495,0.002777778,0.002717391,0.000762457,1.0254681902557186,1.1201132968103027
2019-04-09,0,1,1,275.3273621,-0.005124938,0.01682243,0.01875,0.014778325,0.027700831,0.008130081,-0.005124938,1.0202127293596859,1.1143727856111743
2019-04-10,1,1,0,276.26651,0.003411023,-0.071691176,-0.006134969,-0.004854369,-0.083557951,-0.059139785,0.003411023,1.0236926984444246,1.118173936813468
2019-04-11,0,1,1,276.1898804,-0.000277376,-0.043564356,-0.012345679,-0.009756098,-0.055882353,-0.027619048,-0.000277376,1.0234087506585008,1.1178637821995705
2019-04-12,1,0,-1,278.0585327,0.006765825,-0.037267081,-0.0125,-0.009852217,-0.049844237,-0.028403526,0.0,1.0234087506585008,1.1254270529237709
2019-04-15,0,1,1,277.8764343,-0.000654892,-0.027956989,-0.012658228,-0.019900498,-0.032786885,-0.016129032,-0.000654892,1.0227385284549646,1.1246900197502274
2019-04-16,1,0,-1,278.0585327,0.000655321,0.004424779,-0.006410256,0.0,0.0,0.00102459,0.0,1.0227385284549646,1.12542705273866
2019-04-17,0,1,1,277.3781128,-0.002447038,0.002202643,-0.006451613,-0.005076142,0.003389831,0.0,-0.002447038,1.0202358484117713,1.1226730899743806
2019-04-18,1,0,-1,277.9243164,0.001969166,0.010989011,0.0,0.0,0.010135135,0.005117707,0.0,1.0202358484117713,1.1248838196522732
2019-04-22,1,1,0,278.1638794,0.000861972,-0.010869565,0.0,0.0,-0.013377926,-0.00509165,0.000861972,1.0211152631464986,1.1258534380080667
2019-04-23,1,0,-1,280.6650391,0.008991677,-0.024175824,-0.012987013,-0.015306122,-0.033898305,-0.015353122,0.0,1.0211152631464986,1.1359767484719747
2019-04-24,0,1,1,280.0422058,-0.002219134,-0.009009009,-0.013157895,-0.010362694,-0.01754386,-0.005197505,-0.002219134,1.0188492715481312,1.133455863846231
2019-04-25,0,1,1,279.8696899,-0.000616035,-0.029545455,-0.026666667,-0.015706806,-0.032142857,-0.018808777,-0.000616035,1.0182216247371332,1.1327576153631467
2019-04-26,1,1,0,281.1730042,0.004656861,0.0,0.0,0.0,0.0,0.0,0.004656861,1.0229633413107282,1.1380327101245842
2019-04-29,1,1,0,281.613739,0.001567486,0.032786885,0.0,-0.005319149,0.033210332,0.02342918,0.001567486,1.0245668220267459,1.1398165604652464
2019-04-30,1,0,-1,281.7575073,0.000510516,-0.004535147,-0.01369863,-0.010695187,-0.003571429,-0.001040583,0.0,1.0245668220267459,1.140398455056429
2019-05-01,0,1,1,279.639679,-0.007516493,0.013667426,-0.006944444,-0.005405405,0.014336918,0.007291667,-0.007516493,1.0168656726809495,1.1318266580517866
2019-05-02,0,0,0,279.0359497,-0.002158954,-0.024719101,-0.020979021,-0.010869565,-0.038869258,-0.011375388,-0.0,1.0168656726809495,1.1293830963610791
2019-05-03,1,0,-1,281.7670898,0.009787772,0.016129032,0.0,-0.005494505,0.018382353,0.012552301,0.0,1.0168656726809495,1.1404372406089154
2019-05-06,0,1,1,280.6075745,-0.004115155,-0.002267574,-0.007142857,0.0,-0.003610108,0.003099174,-0.004115155,1.0126811128236881,1.1357441645960373
2019-05-07,0,1,1,275.9214783,-0.016699821,-0.009090909,0.0,0.0,-0.007246377,-0.007209063,-0.016699821,0.9957695195094517,1.1167774403454889
2019-05-08,0,0,0,275.5381775,-0.001389166,0.002293578,-0.007194245,-0.011049724,0.003649635,0.001037344,-0.0,0.9957695195094517,1.1152260510957939
2019-05-09,0,1,1,274.7044983,-0.00302564,-0.018306636,-0.014492754,-0.016759777,-0.029090909,-0.010362694,-0.00302564,0.9927566794204431,1.1118517785465563
2019-05-10,1,1,0,276.0844421,0.005023376,-0.009324009,-0.014705882,-0.011363636,-0.014981273,-0.004188482,0.005023376,0.9977436694976834,1.1174370280864643
2019-05-13,0,0,0,269.1463623,-0.025130282,-0.023529412,-0.007462687,-0.011494253,-0.034220532,-0.012618297,-0.0,0.9977436694976834,1.0893555204534096
2019-05-14,1,1,0,271.5804138,0.009043598,-0.004819277,-0.007518797,-0.005813953,-0.007874016,-0.008519702,0.009043598,1.0067668621516654,1.099207213859471
2019-05-15,1,0,-1,273.1712341,0.00585764,0.03874092,0.015151515,0.01754386,0.05952381,0.021482277,0.0,1.0067668621516654,1.105645974003663
2019-05-16,1,1,0,275.7011108,0.009261139,0.006993007,0.0,0.0,0.007490637,0.003154574,0.009261139,1.0160906700026457,1.1158855150537013
2019-05-17,0,1,1,273.9186707,-0.006465118,-0.009259259,0.0,0.0,-0.011152416,-0.004192872,-0.006465118,1.0095215239223796,1.1086711835243883
2019-05-20,0,0,0,272.1074829,-0.006612137,-0.025700935,-0.007462687,-0.005747126,-0.037593985,-0.015789474,-0.0,1.0095215239223796,1.1013404977709729
2019-05-21,1,1,0,274.56073,0.009015728,-0.011990408,-0.007518797,-0.005780347,-0.0234375,-0.00855615,0.009015728,1.0186230953922093,1.1112698841342605
2019-05-22,0,1,1,273.7174683,-0.003071312,0.012135922,0.007575758,0.005813953,0.02,0.007551241,-0.003071312,1.015494586055854,1.1078568276038803
2019-05-23,0,1,1,270.3730164,-0.012218628,-0.011990408,-0.007518797,-0.005780347,-0.015686275,-0.00856531,-0.012218628,1.0030866354728236,1.0943203371501284
2019-05-24,1,0,-1,270.9862976,0.002268278,0.0,0.0,0.0,0.0,0.001079914,0.0,1.0030866354728236,1.0968025598958386
2019-05-28,0,0,0,268.4659729,-0.009300561,-0.00729927,0.0,0.0,-0.011952191,-0.00751073,-0.0,1.0030866354728236,1.0866016807825714
2019-05-29,0,1,1,266.6643677,-0.00671074,-0.009803922,0.0,-0.005813953,-0.008064516,-0.008648649,-0.00671074,0.9963551818646906,1.0793097794192765
2019-05-30,1,0,-1,267.3926697,0.002731156,0.002475248,0.0,0.0,0.008130081,0.00436205,0.0,0.9963551818646906,1.0822575427991963
2019-05-31,0,1,1,263.7895203,-0.013475124,-0.012345679,-0.007575758,-0.005847953,-0.024193548,-0.005428882,-0.013475124,0.9829291722410214,1.067673988210042
2019-06-03,0,0,0,263.1186829,-0.002543078,0.0025,0.0,0.0,0.008264463,-0.002183406,-0.0,0.9829291722410214,1.0649588099794527
2019-06-04,1,0,-1,268.8301392,0.021706768,-0.017456359,-0.007633588,-0.005882353,-0.020491803,-0.014223195,0.0,0.9829291722410214,1.0880756237972329
2019-06-05,1,1,0,271.1587524,0.008662025,-0.005076142,-0.007692308,-0.00591716,0.0,0.0,0.008662025,0.9914433293042024,1.0975005620524552
2019-06-06,1,1,0,272.9220276,0.006502741,-0.015306122,-0.007751938,-0.011904762,-0.025104603,-0.003329634,0.006502741,0.9978904284908454,1.1046373239548368
2019-06-07,1,0,-1,275.6531982,0.010007146,0.010362694,-0.0078125,-0.006024096,0.008583691,0.008908686,0.0,0.9978904284908454,1.115691590932702
2019-06-10,1,0,-1,276.9181213,0.004588821,0.002564103,0.0,0.0,0.0,0.013245033,0.0,0.9978904284908454,1.1208112999346975
2019-06-11,0,1,1,276.8510437,-0.000242229,0.017902813,0.007874016,0.006060606,0.025531915,0.011982571,-0.000242229,0.9976487104902425,1.1205398069343255
2019-06-12,0,1,1,276.3622742,-0.00176546,0.030150754,0.0078125,0.006024096,0.041493776,0.016146394,-0.00176546,0.9958874015978204,1.1185615387267753
2019-06-13,1,0,-1,277.5026855,0.004126509,0.019512195,0.0,0.005988024,0.023904382,0.011652542,0.0,0.9958874015978204,1.1231772929833852
2019-06-14,0,0,0,277.1960144,-0.001105111,-0.014354067,0.0,-0.005952381,-0.019455253,-0.012565445,-0.0,0.9958874015978204,1.121936057401959
2019-06-17,1,1,0,277.3014526,0.000380374,-0.009708738,-0.007751938,-0.005988024,-0.015873016,-0.004241782,0.000380374,0.9962662112723157,1.122362812707857
2019-06-18,1,0,-1,280.2051086,0.010471117,-0.022058824,0.0,0.0,-0.028225806,-0.015974441,0.0,0.9962662112723157,1.1341152050361702
2019-06-19,1,1,0,280.8375549,0.002257083,-0.010025063,-0.0078125,-0.006024096,-0.008298755,-0.006493506,0.002257083,0.9985148668012528,1.1366749971854988
2019-06-20,1,1,0,283.520752,0.009554267,0.0,-0.007874016,-0.006060606,-0.008368201,0.009803922,0.009554267,1.0080549444421414,1.1475350936008333
2019-06-21,0,0,0,283.1086426,-0.001453542,0.0,0.0,-0.006097561,0.0,-0.002157497,-0.0,1.0080549444421414,1.1458671031458105
2019-06-24,0,1,1,282.7619934,-0.001224439,-0.010126582,-0.007936508,-0.006134969,-0.016877637,-0.004324324,-0.001224439,1.0068206426540236,1.1444640587759018
2019-06-25,0,1,1,279.9887085,-0.009807842,0.015345269,0.008,0.00617284,0.025751073,0.006514658,-0.009807842,0.9969459048685345,1.133239336112749
2019-06-26,0,1,1,279.7094116,-0.000997529,-0.012594458,-0.007936508,-0.006134969,-0.025104603,0.0,-0.000997529,0.9959514224169969,1.1321088970110358
2019-06-27,1,0,-1,280.7012939,0.003546117,0.028061224,0.0,0.0,0.038626609,0.021574973,0.0,0.9959514224169969,1.1361234876165778
2019-06-28,1,1,0,282.1456909,0.005145673,0.024813896,0.0,0.0,0.024793388,0.011615628,0.005145673,1.0010762627606395,1.141969607571472
2019-07-01,1,1,0,284.7070923,0.009078293,0.0,0.0,0.00621118,0.0,-0.001048218,0.009078293,1.0101643263893256,1.1523367422661008
2019-07-02,1,0,-1,285.4486084,0.002604488,-0.002444988,0.0,0.0,-0.004048583,-0.002098636,0.0,1.0101643263893256,1.155337989483292
2019-07-03,1,1,0,287.7307739,0.007995014,-0.022058824,0.0,-0.00617284,-0.028455285,-0.014721346,0.007995014,1.018240604321109,1.1645749328839428
2019-07-05,0,0,0,287.4033813,-0.001137843,-0.027160494,-0.015748031,-0.006134969,-0.045081967,-0.021367521,-0.0,1.018240604321109,1.1632498294485853
2019-07-08,0,1,1,285.8241272,-0.005494905,0.002538071,0.0,0.0,0.012875536,0.0,-0.005494905,1.0126454689332218,1.156857882144499
2019-07-09,1,1,0,286.1804199,0.001246545,-0.012658228,-0.008,-0.012345679,-0.016949153,-0.012008734,0.001246545,1.0139077770792932,1.158299957553197
2019-07-10,1,0,-1,287.547821,0.004778109,0.0,0.0,0.0,0.004310345,-0.00441989,0.0,1.0139077770792932,1.1638344410050816
2019-07-11,1,1,0,288.2218933,0.002344209,-0.01025641,-0.008064516,-0.00625,-0.017167382,-0.007769145,0.002344209,1.0162845888154926,1.166562712176196
2019-07-12,1,1,0,289.5122375,0.004476913,-0.005181347,-0.008130081,-0.006289308,-0.004366812,-0.006711409,0.004476913,1.0208344065028603,1.1717853119476527
2019-07-15,1,1,0,289.608551,0.000332675,0.005208333,0.0,-0.006329114,0.004385965,0.007882883,0.000332675,1.0211740125890436,1.1721751356263048
2019-07-16,0,0,0,288.6744995,-0.003225221,0.0,-0.008196721,-0.006369427,0.008733624,-0.003351955,-0.0,1.0211740125890436,1.168394611763205
2019-07-17,0,1,1,286.710144,-0.006804742,-0.018134715,-0.008264463,-0.012820513,-0.034632035,-0.003363229,-0.006804742,1.0142251868962704,1.160443987875966
2019-07-18,1,1,0,287.7597046,0.003660703,-0.029023747,-0.016666667,-0.019480519,-0.044843049,-0.010123735,0.003660703,1.0179379640806172,1.1646920286637155
2019-07-19,0,1,1,286.1611938,-0.005555019,0.0,-0.008474576,-0.006622517,0.014084507,-0.007954545,-0.005555019,1.012283299349328,1.15822214231534
2019-07-22,1,1,0,286.8641663,0.002456561,-0.010869565,-0.008547009,-0.006666667,-0.018518519,-0.008018328,0.002456561,1.014770035023461,1.1610673856594884
2019-07-23,1,1,0,288.9152222,0.00714992,0.008241758,0.0,0.0,0.018867925,-0.005773672,0.00714992,1.022025559592276,1.169368924581563
2019-07-24,1,0,-1,290.2730408,0.004699713,0.016348774,0.00862069,0.006711409,0.018518519,0.011614402,0.0,1.022025559592276,1.174864622918215
2019-07-25,0,1,1,288.886322,-0.004777291,0.0,0.0,0.0,0.0,0.002296211,-0.004777291,1.0171430460846658,1.1692519527289293
2019-07-26,1,1,0,290.8218994,0.006700135,-0.002680965,0.0,0.0,-0.004545455,0.001145475,0.006700135,1.0239580418077443,1.1770860986612268
2019-07-29,0,1,1,290.2922668,-0.001821158,0.002688172,0.0,0.0,0.00913242,-0.005720824,-0.001821158,1.0220932524282418,1.174942438895961
2019-07-30,0,1,1,289.5796814,-0.002454717,0.00536193,0.0,0.0,0.009049774,0.0,-0.002454717,1.0195843027459208,1.1720582877171817
2019-07-31,0,1,1,286.4115601,-0.010940413,0.002666667,0.0,-0.006666667,0.00896861,0.0,-0.010940413,1.0084296293855635,1.159235485989483
2019-08-01,0,1,1,283.917511,-0.00870792,-0.007978723,-0.008547009,-0.006711409,-0.013333333,-0.013808976,-0.00870792,0.9996483048472443,1.1491409561163253
2019-08-02,0,0,0,281.7797852,-0.007529391,0.0,0.00862069,0.013513514,0.018018018,-0.032672112,-0.0,0.9996483048472443,1.1404886245436117
2019-08-05,0,1,1,273.3057861,-0.030073126,-0.00536193,0.0,0.0,-0.008849558,0.0,-0.030073126,0.9695857554198867,1.1061905664361449
2019-08-06,1,0,-1,277.1383362,0.014022938,0.008086253,0.008547009,0.0,0.013392857,-0.002412545,0.0,0.9695857554198867,1.121702608165464
2019-08-07,1,0,-1,277.302002,0.000590556,-0.005347594,0.0,0.0,-0.008810573,0.00120919,0.0,0.9695857554198867,1.1223650363709317
2019-08-08,1,1,0,282.7427063,0.019620141,0.02688172,0.0,0.006666667,0.031111111,0.013285024,0.019620141,0.9886091646528165,1.1443859966379997
2019-08-09,0,0,0,280.8167725,-0.006811613,0.018324607,0.008474576,0.006622517,0.025862069,0.016686532,-0.0,0.9886091646528165,1.1365908821062822
2019-08-12,0,1,1,277.3983459,-0.012173156,-0.005141388,0.008403361,0.006578947,-0.004201681,0.009378664,-0.012173156,0.976574671068468,1.1227549839902249
2019-08-13,1,0,-1,281.7123108,0.015551516,0.031007752,0.016666667,0.013071895,0.046413502,0.009291521,0.0,0.976574671068468,1.1402155260878286
2019-08-14,0,1,1,273.382782,-0.0295675,0.005012531,0.0,0.006451613,0.008064516,0.006904488,-0.0295675,0.9476997994816511,1.1065022035202268
2019-08-15,1,0,-1,274.10495,0.0026416,0.047381546,0.016393443,0.012820513,0.064,0.029714286,0.0,0.9476997994816511,1.1094251397410457
2019-08-16,1,0,-1,278.1494446,0.014755278,-0.016666667,0.0,0.0,-0.022556391,-0.011098779,0.0,0.9476997994816511,1.1257950160981136
2019-08-19,1,1,0,281.5004578,0.012047528,0.00968523,0.0,0.0,0.011538462,0.002244669,0.012047528,0.9591172393515007,1.139358063076816
2019-08-20,0,0,0,279.3434448,-0.007662556,-0.026378897,0.0,-0.006329114,-0.034220532,-0.016797312,-0.0,0.9591172393515007,1.1306276681144385
2019-08-21,1,0,-1,281.6160583,0.008135553,0.002463054,0.0,0.006369427,0.003937008,0.005694761,0.0,0.9591172393515007,1.1398259494316498
2019-08-22,0,1,1,281.5293884,-0.000307759,-0.002457002,0.0,0.0,0.0,0.002265006,-0.000307759,0.9588220623890351,1.1394751577372786
2019-08-23,0,1,1,274.2975769,-0.02568759,-0.017241379,0.0,0.0,-0.02745098,-0.011299435,-0.02568759,0.9341922343674312,1.1102047870701381
2019-08-26,1,1,0,277.3309021,0.01105852,0.010025063,0.008064516,0.006329114,0.008064516,0.006857143,0.01105852,0.944523017875028,1.1224820089120489
2019-08-27,0,1,1,276.2427368,-0.003923707,0.047146402,0.024,0.025157233,0.064,0.03291714,-0.003923707,0.9408169862981306,1.1180777183963067
2019-08-28,1,0,-1,278.1879883,0.007041819,-0.014218009,-0.0078125,-0.006134969,-0.018796992,-0.008791209,0.0,0.9408169862981306,1.1259510193171862
2019-08-29,1,1,0,281.7412415,0.012772849,0.0,0.0,0.0,0.0,0.0,0.012772849,0.9528338996007518,1.1403326216683207
2019-08-30,0,0,0,281.6160583,-0.000444319,0.007211538,0.015748031,0.012345679,0.007662835,0.00886918,-0.0,0.9528338996007518,1.1398259502181938
2019-09-03,0,1,1,279.9693604,-0.005847316,0.060046189,0.030534351,0.023952096,0.080882353,0.064308682,-0.005847316,0.947262378694274,1.1331610277022677
2019-09-04,1,0,-1,283.1472168,0.011350729,0.023965142,0.007407407,0.011695906,0.037414966,0.010070493,0.0,0.947262378694274,1.1460232314410774
2019-09-05,1,0,-1,286.7871094,0.012855124,-0.036170213,-0.007352941,-0.005780347,-0.055737705,-0.017946162,0.0,0.947262378694274,1.1607555021881333
2019-09-06,1,0,-1,287.008606,0.000772338,-0.011037528,-0.007407407,-0.011627907,-0.020833333,-0.001015228,0.0,0.947262378694274,1.1616519977711823
2019-09-09,1,0,-1,287.1530151,0.000503153,-0.013392857,0.0,0.005882353,-0.021276596,0.0,0.0,0.947262378694274,1.1622364864588168
2019-09-10,0,1,1,287.0856323,-0.000234658,-0.011312217,0.0,0.0,-0.02173913,-0.005081301,-0.000234658,0.9470400959990144,1.1619637583693774
2019-09-11,1,1,0,289.1271057,0.007111026,-0.032036613,-0.014925373,-0.01754386,-0.037037037,-0.020429009,0.007111026,0.9537745227447059,1.1702265128661997
2019-09-12,1,0,-1,290.1286011,0.003463858,-0.007092199,0.0,0.0,-0.019230769,0.0,0.0,0.9537745227447059,1.1742800113346032
2019-09-13,0,0,0,289.9359741,-0.000663936,0.004761905,0.0,0.0,0.007843137,-0.003128259,-0.0,0.9537745227447059,1.1735003645609978
2019-09-16,0,0,0,289.0403748,-0.003088956,0.004739336,0.0,0.0,0.003891051,0.0041841,-0.0,0.9537745227447059,1.169875473568885
2019-09-17,1,1,0,289.7722778,0.002532183,-0.002358491,0.0,0.0,-0.007751938,-0.00625,0.002532183,0.9561896543770332,1.172837812355173
2019-09-18,1,0,-1,289.9455872,0.000598088,0.0,0.0,0.0,0.0,-0.002096436,0.0,0.9561896543770332,1.1735392725766889
2019-09-19,0,1,1,289.9263611,-6.63e-05,-0.021276596,-0.015151515,-0.011904762,-0.02734375,-0.011554622,-6.63e-05,0.956126259002948,1.173461466922917
2019-09-20,0,1,1,288.556488,-0.0047249,0.004830918,0.0,0.0,0.008032129,0.004250797,-0.0047249,0.951608658041785,1.167916978837853
2019-09-23,0,0,0,288.4887695,-0.00023468,-0.03125,-0.015384615,-0.018072289,-0.047808765,-0.006349206,-0.0,0.951608658041785,1.1676428920812592
2019-09-24,0,1,1,286.2250366,-0.007846867,-0.019851117,-0.0234375,-0.018404908,-0.037656904,-0.005324814,-0.007846867,0.9441415114660826,1.158480553603602
2019-09-25,1,1,0,287.9179993,0.005914796,0.012658228,-0.016,-0.0125,0.013043478,0.009635974,0.005914796,0.949725915901536,1.1653327297481342
2019-09-26,0,1,1,287.3182068,-0.002083206,0.0225,0.008130081,0.006329114,0.034334764,0.011664899,-0.002083206,0.9477474411751744,1.1629051016135266
2019-09-27,0,1,1,285.7703857,-0.005387132,-0.009779951,-0.008064516,-0.006289308,-0.008298755,0.001048218,-0.005387132,0.9426418006069015,1.156640378327661
2019-09-30,1,0,-1,287.0956726,0.004637593,0.009876543,0.0,-0.006329114,0.012552301,-0.005235602,0.0,0.9426418006069015,1.1620044056497107
2019-10-01,0,1,1,283.6808167,-0.011894488,-0.004889976,-0.008130081,-0.006369427,-0.012396694,0.0,-0.011894488,0.9314295590212843,1.148182958190763
2019-10-02,0,0,0,278.6696777,-0.017664708,0.0,0.0,0.006410256,0.016736402,0.049473684,-0.0,0.9314295590212843,1.127900641503747
2019-10-03,1,1,0,280.9527588,0.008192786,-0.01965602,-0.008196721,-0.012738854,-0.032921811,-0.008024072,0.008192786,0.9390605620724201,1.1371412900888498
2019-10-04,1,1,0,284.7546082,0.013531988,0.012531328,-0.008264463,0.0,0.021276596,0.011122346,0.013531988,0.9517679183296573,1.1525290723806365
2019-10-07,0,1,1,283.526001,-0.004314617,-0.004950495,0.0,-0.006451613,-0.004166667,-0.002,-0.004314617,0.9476614042891776,1.1475563508519488
2019-10-08,0,1,1,279.1243286,-0.015524757,0.0,0.0,0.0,0.0,0.0,-0.015524757,0.9329491912693093,1.1297408173611656
2019-10-09,1,1,0,281.7750244,0.00949647,-0.009950249,-0.008333333,-0.006493506,-0.016736402,-0.009018036,0.00949647,0.9418089152757225,1.1404693671410113
2019-10-10,1,1,0,283.6808167,0.006763524,0.005025126,0.0,0.0,0.004255319,0.007077856,0.006763524,0.9481788624776037,1.1481829590769344
2019-10-11,1,1,0,286.6217041,0.010366889,0.0075,0.008403361,0.006535948,0.008474576,0.004016064,0.010366889,0.9580085274970552,1.1600860443653764
2019-10-14,0,0,0,286.3024902,-0.001113711,-0.004962779,0.0,0.0,-0.004201681,-0.002,-0.0,0.9580085274970552,1.1587940437768203
2019-10-15,1,0,-1,289.1369629,0.009900272,-0.002493766,-0.008333333,-0.012987013,-0.008438819,0.002004008,0.0,0.9580085274970552,1.1702664200021908
2019-10-16,0,1,1,288.6726074,-0.001606005,0.005,-0.008403361,0.0,0.008510638,0.002,-0.001606005,0.9564699610118523,1.1683869662803352
2019-10-17,1,1,0,289.5238647,0.002948868,-0.004975124,0.0,0.0,0.0,-0.001996008,0.002948868,0.9592904646728415,1.1718323852168164
2019-10-18,0,1,1,288.2566528,-0.004376882,-0.01,0.0,-0.006578947,-0.012658228,-0.007,-0.004376882,0.9550917635052434,1.166703413142944
2019-10-21,1,1,0,290.2107544,0.006779034,0.012626263,0.0,0.006622517,0.017094017,0.010070493,0.006779034,0.9615663630431655,1.174612535248556
2019-10-22,0,1,1,289.2626953,-0.003266795,0.024937656,0.008474576,0.006578947,0.029411765,0.012961117,-0.003266795,0.9584251228562078,1.1707753168914685
2019-10-23,1,1,0,290.1043396,0.002909619,-0.00973236,-0.008403361,-0.006535948,-0.016326531,-0.00492126,0.002909619,0.9612137748037476,1.174181826998227
2019-10-24,1,1,0,290.5783691,0.001633997,-0.002457002,-0.008474576,-0.006578947,0.0,-0.00098912,0.001633997,0.9627843952281357,1.1761004365809966
2019-10-25,1,1,0,291.7683105,0.004095079,-0.017241379,-0.008547009,-0.006622517,-0.024896266,-0.006930693,0.004095079,0.9667270733865623,1.1809166607807304
2019-10-28,1,1,0,293.4128723,0.005636533,-0.002506266,0.0,-0.006666667,-0.008510638,0.001994018,0.005636533,0.9721760624376992,1.187572936509471
2019-10-29,0,1,1,293.3257751,-0.000296842,-0.012562814,-0.00862069,-0.006711409,-0.017167382,-0.004975124,-0.000296842,0.971887479750973,1.1872204149838517
2019-10-30,1,0,-1,294.2254639,0.0030672,-0.010178117,-0.008695652,-0.013513514,-0.013100437,-0.004,0.0,0.971887479750973,1.1908618574406902
2019-10-31,0,0,0,293.441864,-0.002663263,0.010282776,-0.00877193,0.0,0.013274336,0.00502008,-0.0,0.971887479750973,1.1876902791176571
2019-11-01,1,1,0,296.1603088,0.009263998,0.010178117,0.008849558,0.006849315,0.013100437,0.008991009,0.009263998,0.9808910434196111,1.1986930394880226
2019-11-04,1,1,0,297.3501892,0.00401769,-0.010075567,0.0,0.0,0.00862069,-0.040594059,0.00401769,0.9848319595558476,1.2035090165258433
2019-11-05,0,1,1,297.0213013,-0.001106063,0.043256997,0.026315789,0.027210884,0.05982906,0.02373581,-0.001106063,0.9837426733641653,1.2021778597324977
2019-11-06,1,0,-1,297.0889893,0.000227889,0.02195122,0.017094017,0.013245033,0.024193548,0.014112903,0.0,0.9837426733641653,1.2024518228427743
2019-11-07,1,0,-1,298.1337585,0.003516688,0.081145585,0.042016807,0.032679739,0.114173228,0.040755467,0.0,0.9837426733641653,1.2066804707387435
2019-11-08,1,1,0,298.868988,0.002466106,-0.015452539,0.008064516,0.012658228,-0.021201413,-0.003820439,0.002466106,0.9861686870734047,1.2096562726877151
2019-11-11,0,1,1,298.2982483,-0.001909665,0.013452915,0.016,0.0125,0.003610108,0.021093001,-0.001909665,0.9842854352476046,1.207346234441733
2019-11-12,1,1,0,298.9270325,0.002107904,-0.046460177,-0.007874016,-0.00617284,-0.068345324,-0.01971831,0.002107904,0.9863602144537048,1.2098912043986976
2019-11-13,1,0,-1,299.0237732,0.000323627,0.0,0.0,0.0,-0.007722008,0.007662835,0.0,0.9863602144537048,1.2102827578595035
2019-11-14,1,1,0,299.4591064,0.001455848,0.020881671,0.007936508,0.01242236,0.023346304,0.022813688,0.001455848,0.9877962049991967,1.2120447455919676
2019-11-15,1,0,-1,301.6260986,0.007236354,-0.034090909,-0.007874016,-0.006134969,-0.053231939,-0.015799257,0.0,0.9877962049991967,1.220815530434911
2019-11-18,1,1,0,301.8485718,0.000737579,0.056470588,0.023809524,0.018518519,0.084337349,0.034938621,0.000737579,0.9885247827362837,1.2217159783330336
2019-11-19,0,1,1,301.7615356,-0.000288344,0.006681514,0.015503876,0.012121212,0.007407407,0.002737226,-0.000288344,0.9882397475463305,1.221363703860977
2019-11-20,0,0,0,300.6393433,-0.003718805,-0.011061947,0.0,0.0,-0.018382353,-0.004549591,-0.0,0.9882397475463305,1.2168216904122404
2019-11-21,0,0,0,300.1556702,-0.001608815,-0.024608501,-0.015267176,-0.011976048,-0.029962547,-0.016453382,-0.0,0.9882397475463305,1.2148640494243799
2019-11-22,1,1,0,300.8231201,0.002223679,-0.002293578,-0.007751938,0.0,0.003861004,-0.000929368,0.002223679,0.9904372755199147,1.21756551709894
2019-11-25,1,0,-1,303.1545715,0.00775024,-0.032183908,-0.015625,-0.012121212,-0.05,-0.013023256,0.0,0.9904372755199147,1.2270019420721807
2019-11-26,1,1,0,303.8414307,0.002265706,-0.011876485,-0.007936508,-0.012269939,-0.024291498,-0.001885014,0.002265706,0.9926813151976838,1.2297819677343453
2019-11-27,1,0,-1,305.1958313,0.00445759,0.021634615,0.0,0.0,0.024896266,0.008498584,0.0,0.9926813151976838,1.2352638315358981
2019-11-29,0,1,1,304.0639648,-0.003708656,-0.007058824,0.0,0.0,-0.008097166,0.0,-0.003708656,0.988999801681988,1.2306826629154894
2019-12-02,0,1,1,301.4810181,-0.008494748,-0.00477327,0.008,0.0,-0.016393443,0.001870907,-0.008494748,0.9805984975946495,1.2202283238260534
2019-12-03,0,0,0,299.4591064,-0.006706597,-0.021582734,0.0,0.0,-0.025,-0.013071895,-0.0,0.9805984975946495,1.2120447442101665
2019-12-04,1,0,-1,301.3068542,0.006170284,0.00245098,-0.007936508,-0.00617284,0.004273504,0.003784295,0.0,0.9805984975946495,1.2195234045026506
2019-12-05,1,1,0,301.8485718,0.001797893,0.009779951,0.008,0.00621118,0.017021277,-0.002827521,0.001797893,0.9823615087692854,1.2217159770949422
2019-12-06,1,1,0,304.6056824,0.009134085,0.0,0.0,0.0,0.0,0.00094518,0.009134085,0.9913344822911122,1.2328752346755854
2019-12-09,0,1,1,303.6480103,-0.003143973,0.024213075,0.007936508,0.00617284,0.029288703,0.016997167,-0.003143973,0.98821775344482,1.2289991082253966
2019-12-10,0,0,0,303.3093872,-0.001115183,0.0,0.0,0.0,0.004065041,-0.00371402,-0.0,0.98821775344482,1.2276285493128885
2019-12-11,1,0,-1,304.1703796,0.002838661,-0.037825059,-0.007874016,-0.012269939,-0.060728745,-0.011183597,0.0,0.98821775344482,1.2311133705983095
2019-12-12,1,1,0,306.7920227,0.008618995,-0.004914005,0.0,0.0,-0.004310345,-0.008482564,0.008618995,0.9967351973206721,1.2417243305839294
2019-12-13,1,1,0,306.9758606,0.000599226,-0.014814815,-0.007936508,-0.00621118,-0.025974026,-0.005703422,0.000599226,0.9973324669660218,1.242468404087648
2019-12-16,1,0,-1,309.0847473,0.006869878,-0.022556391,0.0,0.0,-0.026666667,-0.014340344,0.0,0.9973324669660218,1.2510040104425848
2019-12-17,1,1,0,309.1524658,0.000219094,0.005128205,-0.008,-0.00625,0.02283105,-0.011639185,0.000219094,0.9975509765255393,1.2512780979152487
2019-12-18,1,1,0,309.171814,6.26e-05,-0.017857143,-0.016129032,-0.018867925,-0.03125,-0.009813543,6.26e-05,0.9976134232166697,1.251356427924178
2019-12-19,1,0,-1,310.4391174,0.004099027,-0.005194805,-0.008196721,-0.012820513,0.00921659,-0.006937562,0.0,0.9976134232166697,1.2564857717088629
2019-12-20,1,1,0,311.8001404,0.004384186,-0.007832898,0.0,0.0,0.00456621,-0.013972056,0.004384186,1.0019871460201484,1.2619944390383881
2019-12-23,1,1,0,312.2764893,0.001527738,0.002631579,0.0,0.0,0.0,0.005060729,0.001527738,1.003517919858635,1.2639224358986958
2019-12-24,1,0,-1,312.2862549,3.13e-05,0.002624672,-0.008264463,0.0,0.0,0.007049345,0.0,1.003517919858635,1.2639619966709394
2019-12-26,1,0,-1,313.9486389,0.00532327,-0.013089005,-0.008333333,-0.006493506,-0.013636364,0.002,0.0,1.003517919858635,1.270690407648958
2019-12-27,0,1,1,313.8707886,-0.000247972,0.01061008,0.0,-0.006535948,0.00921659,0.002994012,-0.000247972,1.0032690755130118,1.2703753120071923
2019-12-30,0,0,0,312.1403503,-0.005513218,0.007874016,0.0,0.0,0.01369863,0.0039801,-0.0,1.0032690755130118,1.2633714559702787
2019-12-31,1,0,-1,312.8986816,0.002429456,0.015625,0.008403361,0.013157895,0.022522523,0.003964321,0.0,1.0032690755130118,1.2664407613342143
2020-01-02,1,1,0,315.8248291,0.009351741,0.002564103,0.0,0.0,0.0,-0.000987167,0.009351741,1.0126513880605188,1.2782841873260546
2020-01-03,0,1,1,313.4333801,-0.007572074,0.010230179,0.0,0.0,0.008810573,0.004940711,-0.007572074,1.0049835168139218,1.2686049248665918
2020-01-06,1,1,0,314.6291199,0.003814973,0.010126582,0.008333333,0.006493506,0.017467249,0.007866273,0.003814973,1.0088175017960122,1.2734446184026251
2020-01-07,0,0,0,313.7444763,-0.002811703,0.007518797,0.008264463,0.006451613,-0.004291845,0.033170732,-0.0,1.0088175017960122,1.2698640703487287
2020-01-08,1,0,-1,315.4165955,0.005329557,0.014925373,0.0,0.0,0.021551724,0.005665722,0.0,1.0088175017960122,1.2766318832939043
2020-01-09,1,1,0,317.5553284,0.006780661,0.049019608,0.024590164,0.019230769,0.067510549,0.034741784,0.006780661,1.0156579512865578,1.285288291316312
2020-01-10,0,1,1,316.641449,-0.002877859,0.028037383,0.008,0.012578616,0.035573123,0.013611615,-0.002877859,1.012735030910526,1.2815894128395526
2020-01-13,1,0,-1,318.8190918,0.006877314,-0.004545455,0.0,0.0,-0.007633588,-0.008057296,0.0,1.012735030910526,1.2904033056507258
2020-01-14,0,1,1,318.3330688,-0.001524447,-0.015981735,-0.007936508,-0.00621118,-0.023076923,-0.005415162,-0.001524447,1.0111911700308596,1.2884361542026366
2020-01-15,1,0,-1,319.0524292,0.002259773,0.018561485,0.008,0.00625,0.019685039,0.013611615,0.0,1.0111911700308596,1.2913477274361276
2020-01-16,1,1,0,321.7064514,0.008318452,-0.01594533,-0.007936508,0.0,-0.023166023,-0.004476276,0.008318452,1.019602715241585,1.302089741522114
2020-01-17,1,1,0,322.7077637,0.003112503,-0.013888889,0.0,-0.01242236,-0.023715415,-0.006294964,0.003112503,1.0227762317515827,1.3061424997488709
2020-01-21,0,1,1,322.0758667,-0.001958109,-0.004878049,0.0,0.0,0.0,-0.011981567,-0.001958109,1.0207735244072038,1.3035849303648301
2020-01-22,1,1,0,322.1147156,0.00012062,-0.017156863,-0.016393443,-0.012820513,-0.038626609,-0.004664179,0.00012062,1.0208966501097176,1.3037421687791306
2020-01-23,1,0,-1,322.4841919,0.001147033,0.0,0.0,-0.006493506,0.008928571,-0.000937207,0.0,1.0208966501097176,1.305237604070212
2020-01-24,0,1,1,319.616272,-0.008893211,-0.002493766,-0.008333333,0.0,0.0,-0.003752345,-0.008893211,1.0118176007910988,1.2936298506520814
2020-01-27,0,0,0,314.4930115,-0.016029411,0.005,-0.008403361,-0.006535948,0.0,0.005649718,-0.0,1.0118176007910988,1.2728937260941104
2020-01-28,1,1,0,317.7886047,0.010479067,-0.009950249,-0.008474576,-0.013157895,-0.017699115,-0.008426966,0.010479067,1.022420505221568,1.2862324647337302
2020-01-29,0,0,0,317.526123,-0.000825963,0.002512563,-0.008547009,-0.006666667,0.004504505,0.003777148,-0.0,1.022420505221568,1.2851700843084612
2020-01-30,1,1,0,318.5566406,0.003245458,-0.002506266,0.00862069,0.006711409,-0.004484305,-0.001881468,0.003245458,1.0257387280296035,1.289341049839941
2020-01-31,0,1,1,312.7722778,-0.018158036,-0.005025126,-0.008547009,-0.006666667,-0.009009009,-0.002827521,-0.018158036,1.0071133272794477,1.2659291486406694
2020-02-03,1,1,0,315.0957336,0.007428586,-0.017676768,-0.017241379,-0.013422819,-0.027272727,-0.006616257,0.007428586,1.0145947552428893,1.2753332121912535
2020-02-04,1,1,0,319.8982239,0.015241369,-0.010282776,-0.00877193,-0.013605442,-0.009345794,-0.002854424,0.015241369,1.0300585682930108,1.2947710362762157
2020-02-05,1,1,0,323.5924072,0.011547996,0.002597403,0.0,0.0,0.0,-0.001908397,0.011547996,1.0419536805194243,1.3097230470240493
2020-02-06,1,1,0,324.6812134,0.003364746,0.025906736,0.008849558,0.006896552,0.033018868,0.014340344,0.003364746,1.0454595899981372,1.3141299324076312
2020-02-07,0,1,1,322.9507751,-0.005329653,0.047979798,0.026315789,0.02739726,0.086757991,0.018850141,-0.005329653,1.0398876531579249,1.307126075870985
2020-02-10,1,1,0,325.3617249,0.007465378,-0.014457831,-0.008547009,-0.013333333,-0.025210084,-0.002775208,0.007465378,1.0476508075662816,1.3168842661210187
2020-02-11,1,0,-1,325.9255981,0.001733066,-0.024449878,-0.00862069,-0.006756757,-0.030172414,-0.015769944,0.0,1.0476508075662816,1.319166513468568
2020-02-12,1,1,0,328.0253906,0.006442552,-0.005012531,-0.017391304,-0.013605442,-0.013333333,-0.001885014,0.006442552,1.0544003523718692,1.3276653123282478
2020-02-13,0,1,1,327.6754761,-0.00106673,0.012594458,0.0,0.0,0.009009009,0.016997167,-0.00106673,1.0532755918839836,1.326249051909628
2020-02-14,1,1,0,328.20047,0.001602176,-0.014925373,-0.017699115,-0.013793103,-0.022321429,-0.004642526,0.001602176,1.054963124758686,1.3283739363106204
2020-02-18,0,1,1,327.3547058,-0.002576974,-0.0025,0.0,-0.006993007,-0.004464286,0.0,-0.002576974,1.052244512215224,1.3249507512144703
2020-02-19,1,0,-1,328.9198303,0.004781127,0.002506266,0.0,0.007042254,0.004484305,0.001863933,0.0,1.052244512215224,1.331285509024772
2020-02-20,0,1,1,327.568573,-0.004108166,0.0125,0.009009009,0.006993007,0.008928571,0.018604651,-0.004108166,1.0479217170864548,1.3258163671603038
2020-02-21,0,0,0,324.1951599,-0.010298342,0.007407407,0.008928571,0.006944444,0.013274336,0.010045662,-0.0,1.0479217170864548,1.3121626567820894
2020-02-24,0,0,0,313.4431152,-0.033165346,-0.004901961,-0.008849558,-0.006896552,0.0,-0.006329114,-0.0,1.0479217170864548,1.2686443282616322
2020-02-25,0,0,0,303.9450989,-0.030302201,0.007389163,0.0,0.0,0.017467249,0.009099181,-0.0,1.0479217170864548,1.2302016128291382
2020-02-26,0,0,0,302.8271484,-0.003678133,0.007334963,0.0,0.006944444,-0.004291845,0.023444545,-0.0,1.0479217170864548,1.2256767676803382
2020-02-27,0,0,0,289.2266541,-0.044911741,0.014563107,0.008928571,0.006896552,0.021551724,0.001762115,-0.0,1.0479217170864548,1.1706294901405616
2020-02-28,0,0,0,288.0114746,-0.004201478,-0.002392344,0.008849558,0.0,-0.012658228,0.006156552,-0.0,1.0479217170864548,1.1657111160915847
2020-03-02,1,1,0,300.4841919,0.043306321,-0.012106538,-0.008849558,-0.01369863,-0.017391304,-0.002622378,0.043306321,1.0933033513494719,1.2161937758783152
2020-03-03,0,0,0,291.8806152,-0.028632377,-0.007352941,0.0,0.0,-0.013274336,-0.003505697,-0.0,1.0933033513494719,1.1813712571823138
2020-03-04,1,1,0,304.1492615,0.042033097,-0.014814815,-0.008928571,-0.006944444,-0.02690583,-0.005277045,0.042033097,1.1392582771671693,1.23102794982847
2020-03-05,0,1,1,294.0387878,-0.033241815,0.005012531,0.0,-0.006993007,0.004608295,0.004420866,-0.033241815,1.1013872642803595,1.1901063464604427
2020-03-06,0,1,1,289.1780701,-0.016530873,0.002493766,0.0,0.014084507,0.009174312,0.002640845,-0.016530873,1.0831803712907235,1.1704328495906111
2020-03-09,0,1,1,266.5948181,-0.078094622,0.002487562,0.0,-0.006944444,0.0,0.004389816,-0.078094622,0.9985898096369548,1.0790283386254493
2020-03-10,1,0,-1,280.38974,0.051744899,0.027295285,0.018018018,0.013986014,0.059090909,0.009615385,0.0,0.9985898096369548,1.134862551025761
2020-03-11,0,1,1,266.7211609,-0.0487485,-0.028985507,-0.017699115,-0.013793103,-0.0472103,-0.01991342,-0.0487485,0.9499100543018677,1.0795397039570818
2020-03-12,0,1,1,241.2020264,-0.095677203,-0.004975124,-0.009009009,-0.006993007,-0.004504505,-0.006183746,-0.095677203,0.8590253172046869,0.9762523645550201
2020-03-13,1,0,-1,261.8215332,0.085486458,-0.0275,-0.009090909,-0.014084507,-0.040723982,-0.017777778,0.0,0.8590253172046869,1.0597087213149536
2020-03-16,0,1,1,233.1720428,-0.109423736,-0.002570694,-0.009174312,0.0,-0.004716981,-0.00361991,-0.109423736,0.765027557677565,0.9437514339568885
2020-03-17,1,0,-1,245.7614899,0.053992095,-0.010309278,-0.009259259,-0.007142857,-0.014218009,-0.009990917,0.0,0.765027557677565,0.994706551035475
2020-03-18,0,1,1,233.3178558,-0.05063297,-0.002604167,0.0,0.0,0.004807692,-0.004587156,-0.05063297,0.7262919403005036,0.9443416040780923
2020-03-19,1,0,-1,233.8136444,0.002124949,-0.033942559,-0.009345794,-0.014388489,-0.062200957,-0.022119816,0.0,0.7262919403005036,0.9463482818253364
2020-03-20,0,1,1,223.7376556,-0.043094101,0.002702703,-0.009433962,-0.00729927,0.025510204,-0.006597549,-0.043094101,0.6949930420697077,0.9055662533871789
2020-03-23,0,0,0,218.0170746,-0.025568253,-0.02425876,-0.00952381,-0.014705882,-0.034825871,-0.026565465,-0.0,0.6949930420697077,0.8824125063123134
2020-03-24,1,0,-1,237.7701263,0.090603233,-0.011049724,-0.009615385,-0.014925373,-0.010309278,-0.007797271,0.0,0.6949930420697077,0.9623619322238418
2020-03-25,1,0,-1,241.3296051,0.014970252,-0.019553073,-0.009708738,-0.007575758,-0.020833333,-0.014734774,0.0,0.6949930420697077,0.9767687328644395
2020-03-26,1,1,0,255.4207611,0.05838967,0.008547009,-0.009803922,-0.007633588,0.021276596,-0.002991027,0.05838967,0.735573456448454,1.0338019368427123
2020-03-27,0,1,1,247.8128967,-0.029785615,-0.002824859,0.0,0.0,0.0,-0.007,-0.029785615,0.713663948670461,1.0030095103656609
2020-03-30,1,1,0,255.8607788,0.032475639,-0.002832861,0.0,0.0,-0.005208333,-0.004028197,0.032475639,0.7368406414347974,1.035582885137863
2020-03-31,0,0,0,252.0470886,-0.014905333,0.002840909,-0.00990099,-0.007692308,0.010471204,0.003033367,-0.0,0.7368406414347974,1.0201471773857824
2020-04-01,0,0,0,240.7037354,-0.045004897,0.0,0.0,0.0,0.005181347,0.0,-0.0,0.7368406414347974,0.9742355587426945
2020-04-02,1,1,0,246.2580872,0.02307547,0.008498584,0.0,0.0,0.010309278,0.002016129,0.02307547,0.7538435855510068,0.9967165021513948
2020-04-03,0,0,0,242.6986237,-0.014454199,0.011235955,0.0,0.0,0.025510204,0.003018109,-0.0,0.7538435855510068,0.9823097634827147
2020-04-06,1,0,-1,258.9997253,0.067166024,0.0,0.01,0.007751938,0.004975124,0.011033099,0.0,0.7538435855510068,1.0482876046322291
2020-04-07,1,1,0,259.2637939,0.001019571,-0.011111111,0.0,0.0,-0.014851485,-0.006944444,0.001019571,0.7546121826093707,1.0493564082735716
2020-04-08,1,1,0,267.9669189,0.033568609,0.014044944,0.01980198,0.015384615,0.025125628,0.0,0.033568609,0.7799434639140213,1.0845818432445515
2020-04-09,1,0,-1,272.0445862,0.015217055,-0.011080332,0.0,0.0,-0.019607843,0.0,0.0,0.7799434639140213,1.1010859848052053
2020-04-13,0,1,1,269.5608215,-0.009129991,-0.008403361,0.009708738,0.007575758,-0.01,-0.006993007,-0.009129991,0.7728225871079774,1.0910330796737076
2020-04-14,1,0,-1,277.5109558,0.029492915,-0.011299435,-0.009615385,-0.007518797,-0.015151515,-0.00804829,0.0,0.7728225871079774,1.1232108255547124
2020-04-15,0,0,0,271.6143799,-0.021248083,-0.002857143,-0.009708738,-0.007575758,-0.005128205,-0.003042596,-0.0,0.7728225871079774,1.0993447487068273
2020-04-16,1,0,-1,272.9246826,0.004824129,-0.00286533,-0.009803922,-0.007633588,0.005154639,-0.00508647,0.0,0.7728225871079774,1.1046481295900616
2020-04-17,1,0,-1,280.2979126,0.027015622,0.0,0.0,-0.007692308,-0.01025641,0.005112474,0.0,0.7728225871079774,1.1344908859020737
2020-04-20,0,1,1,275.3596191,-0.017618017,-0.00862069,0.00990099,0.007751938,-0.010362694,-0.011190234,-0.017618017,0.7592069856303251,1.114503406187906
2020-04-21,0,1,1,266.9987793,-0.030363348,-0.002898551,0.0,0.0,-0.005235602,-0.00308642,-0.030363348,0.7361549197216005,1.0806633514186372
2020-04-22,1,0,-1,272.9246826,0.022194496,-0.005813953,-0.009803922,-0.007692308,-0.005263158,-0.008255934,0.0,0.7361549197216005,1.1046481298490447
2020-04-23,0,0,0,272.9051208,-7.17e-05,-0.00877193,-0.01980198,-0.015503876,-0.010582011,-0.006243496,-0.0,0.7361549197216005,1.1045689265781344
2020-04-24,1,1,0,276.7091064,0.013938858,-0.002949853,0.0,0.0,-0.005347594,0.0,0.013938858,0.7464160786136013,1.1199653559969194
2020-04-27,1,1,0,280.6987915,0.014418337,0.026627219,0.0,0.0,0.043010753,0.010471204,0.014418337,0.7571781571772707,1.136113393928008
2020-04-28,0,1,1,279.4079895,-0.004598531,0.005763689,0.0,0.0,0.005154639,0.009326425,-0.004598531,0.7536962499489681,1.1308889412665148
2020-04-29,1,1,0,286.7225037,0.026178615,0.025787966,0.01010101,0.007874016,0.035897436,0.014373717,0.026178615,0.7734269739033259,1.1604940474676886
2020-04-30,0,1,1,284.0529175,-0.009310696,0.027932961,0.01,0.0078125,0.03960396,0.009109312,-0.009310696,0.7662258304711121,1.1496890401819073
2020-05-01,0,0,0,276.5330811,-0.026473365,0.095108696,0.02970297,0.03875969,0.142857143,0.061183551,-0.0,0.7662258304711121,1.119252902584672
2020-05-04,1,1,0,277.2958069,0.002758172,-0.042183623,0.0,-0.007462687,-0.070833333,-0.019848771,0.002758172,0.7683392131023944,1.1223399946014998
2020-05-05,1,0,-1,279.8578491,0.009239383,-0.007772021,0.0,0.0,-0.01793722,0.00096432,0.0,0.7683392131023944,1.132709723667841
2020-05-06,0,1,1,277.9607239,-0.006778889,0.031331593,0.019230769,0.015037594,0.050228311,0.020231214,-0.006778889,0.7631307268624259,1.125031210181876
2020-05-07,1,1,0,281.3148193,0.012066796,0.020253165,0.028301887,0.02962963,0.047826087,-0.009442871,0.012066796,0.7723392696648066,1.1386067322887738
2020-05-08,1,1,0,285.969574,0.016546425,-0.014888337,-0.009174312,0.0,-0.029045643,-0.002859867,0.016546425,0.7851187234648701,1.157446603189085
2020-05-11,1,1,0,286.0282288,0.000205108,-0.0302267,-0.018518519,-0.021582734,-0.042735043,-0.024856597,0.000205108,0.7852797575960025,1.157684004746972
2020-05-12,0,0,0,280.3272095,-0.019931667,-0.025974026,-0.009433962,-0.014705882,-0.040178571,-0.012745098,-0.0,0.7852797575960025,1.1346094326731289
2020-05-13,0,0,0,275.3694153,-0.01768574,-0.013333333,-0.019047619,-0.007462687,-0.013953488,-0.018867925,-0.0,0.7852797575960025,1.1145430252453243
2020-05-14,1,0,-1,278.6648254,0.011967234,0.013513514,0.009708738,0.0,0.028301887,0.0,0.0,0.7852797575960025,1.1278810224315032
2020-05-15,1,0,-1,279.9458313,0.004596941,0.0,0.0,0.007518797,-0.009174312,0.00708502,0.0,0.7852797575960025,1.1330658249466405
2020-05-18,1,0,-1,288.4728699,0.030459602,-0.026666667,0.0,-0.007462687,-0.023148148,-0.004020101,0.0,0.7852797575960025,1.167578559014317
2020-05-19,0,1,1,285.5099487,-0.010271056,-0.016438356,-0.019230769,-0.015037594,-0.028436019,-0.010090817,-0.010271056,0.7772141052300676,1.1555862942502817
2020-05-20,1,0,-1,290.360199,0.016988025,-0.005571031,0.0,0.0,-0.004878049,-0.004077472,0.0,0.7772141052300676,1.175217423106663
2020-05-21,0,0,0,288.3555603,-0.006903972,-0.00280112,0.0,0.0,0.0,0.002047083,-0.0,0.7772141052300676,1.1671037549236225
2020-05-22,1,0,-1,288.9031982,0.001899176,0.0,0.0,0.0,-0.004901961,0.0,0.0,0.7772141052300676,1.1693202903644833
2020-05-26,1,1,0,292.4625854,0.012320345,-0.011080332,0.0,0.0,-0.019230769,-0.007063572,0.012320345,0.7867896511453684,1.1837267197572738
2020-05-27,1,1,0,296.814209,0.014879249,0.014005602,0.019607843,0.015267176,0.019607843,0.00101626,0.014879249,0.7984964902753835,1.2013396843684956
2020-05-28,0,1,1,296.2666016,-0.00184495,0.011049724,0.009615385,0.015037594,0.028846154,-0.001015228,-0.00184495,0.7970233041756499,1.19912327271782
2020-05-29,1,0,-1,297.5867004,0.00445578,0.101092896,0.047619048,0.037037037,0.144859813,0.053861789,0.0,0.7970233041756499,1.2044663022139306
2020-06-01,1,0,-1,298.7894592,0.004041709,0.0215311,0.017699115,0.013888889,0.023166023,0.017175573,0.0,0.7970233041756499,1.2093344045077854
2020-06-02,1,0,-1,301.2634583,0.008280075,0.081967213,0.052173913,0.054794521,0.113207547,0.044090056,0.0,0.7970233041756499,1.2193477840771902
2020-06-03,1,1,0,305.2727661,0.013308311,0.090909091,0.082644628,0.071428571,0.125423729,0.047619048,0.013308311,0.8076303381818671,1.2355752436048504
2020-06-04,0,0,0,304.4709167,-0.002626665,0.003968254,-0.007633588,-0.006060606,0.003012048,0.013722127,-0.0,0.8076303381818671,1.2323298013576072
2020-06-05,1,0,-1,312.274353,0.025629496,-0.017786561,0.023076923,0.024390244,-0.024024024,-0.011844332,0.0,0.8076303381818671,1.2639137930721829
2020-06-08,1,0,-1,316.0490112,0.012087634,-0.026156942,-0.007518797,-0.005952381,-0.04,-0.005993151,0.0,0.8076303381818671,1.2791915204103912
2020-06-09,0,1,1,313.6922913,-0.007456818,-0.018595041,0.0,-0.005988024,-0.028846154,0.001722653,-0.007456818,0.8016079857387666,1.2696528220555476
2020-06-10,0,0,0,311.941864,-0.005580077,0.063157895,0.022727273,0.030120482,0.079207921,0.035253654,-0.0,0.8016079857387666,1.2625680615452104
2020-06-11,0,1,1,293.9587402,-0.057648959,0.116831683,0.103703704,0.093567251,0.152905199,0.068936877,-0.057648959,0.7553961198348398,1.189782327130481
2020-06-12,1,1,0,297.4791565,0.011975886,0.184397163,0.261744966,0.267379679,0.24403183,0.098679099,0.011975886,0.7644426576508242,1.2040310246450106
2020-06-15,1,1,0,300.2562866,0.009335545,-0.04491018,-0.005319149,0.0,-0.061833689,-0.02970297,0.009335545,0.7715791464812429,1.2152713104569801
2020-06-16,1,0,-1,306.0355225,0.019247676,0.036050157,0.048128342,0.042194093,0.043181818,0.026239067,0.0,0.7715791464812429,1.2386624588927515
2020-06-17,0,1,1,304.7642822,-0.004153898,0.122541604,0.132653061,0.12145749,0.154684096,0.083806818,-0.004153898,0.7683740854078328,1.2335171813820818
2020-06-18,1,1,0,304.8816223,0.000385019,-0.014824798,0.031531532,0.025270758,-0.016981132,-0.013761468,0.000385019,0.7686699240298225,1.2339921089337405
2020-06-19,0,1,1,303.1392822,-0.005714809,0.146374829,0.113537118,0.102112676,0.182341651,0.07641196,-0.005714809,0.7642771222299476,1.226940079723677
2020-06-22,1,0,-1,305.0839539,0.006415109,0.003579952,0.066666667,0.067092652,0.003246753,0.00308642,0.0,0.7642771222299476,1.234811034071573
2020-06-23,1,1,0,306.4884644,0.004603685,0.07491082,0.113970588,0.101796407,0.084142395,0.064,0.004603685,0.7677956133534007,1.2404957151069627
2020-06-24,0,1,1,298.6703186,-0.025508777,0.086283186,0.158415842,0.154891304,0.108955224,0.057258531,-0.025508777,0.7482100862707907,1.2088521865408437
2020-06-25,1,0,-1,301.8722229,0.010720531,0.027494908,0.102564103,0.094117647,0.03230148,0.024617068,0.0,0.7482100862707907,1.2218117238810726
2020-06-26,0,0,0,294.7023621,-0.02375131,0.077304262,0.036175711,0.049462366,0.091264668,0.047517352,-0.0,0.7482100862707907,1.1927920948655388
2020-06-29,1,1,0,299.0337524,0.014697508,-0.029438822,-0.047381546,-0.028688525,-0.03823178,-0.00764526,0.014697508,0.7592069099994363,1.2103231662221619
2020-06-30,1,1,0,302.8641968,0.012809405,-0.041706161,-0.073298429,-0.054852321,-0.052173913,-0.022085259,0.012809405,0.7689318987884176,1.225826685839184
2020-07-01,1,1,0,304.9857178,0.007004859,-0.081107814,-0.059322034,-0.053571429,-0.090432503,-0.053571429,0.007004859,0.7743181583200328,1.2344134289319248
2020-07-02,1,1,0,306.6652832,0.00550703,-0.032292788,-0.027027027,-0.023584906,-0.044668588,-0.022752497,0.00550703,0.7785823516474459,1.2412113807174558
2020-07-06,1,0,-1,311.3993835,0.015437353,-0.005668934,-0.031746032,-0.022222222,-0.013846154,0.024557396,0.0,0.7785823516474459,1.2603723989492086
2020-07-07,0,0,0,308.1876221,-0.010313962,0.038768529,0.0,0.005050505,0.042121685,0.03567447,-0.0,0.7785823516474459,1.2473729659205977
2020-07-08,1,0,-1,310.5448608,0.007648713,0.006586169,0.003278689,0.002512563,0.005988024,0.001614639,0.0,0.7785823516474459,1.2569137637408831
2020-07-09,0,1,1,308.776947,-0.005692942,0.028353326,0.006535948,0.005012531,0.03125,0.030628694,-0.005692942,0.7741499274772934,1.2497582265849045
2020-07-10,1,1,0,311.9297485,0.010210612,-0.018027572,-0.016233766,-0.012468828,-0.024531025,-0.009906152,0.010210612,0.7820544720165922,1.262519022930371
2020-07-13,0,1,1,309.2287598,-0.008658965,-0.041036717,-0.03630363,-0.032828283,-0.054733728,-0.021063718,-0.008658965,0.775282689715307,1.2515869148989829
2020-07-14,1,0,-1,313.2360229,0.012958896,-0.007882883,-0.030821918,-0.028720627,-0.009389671,-0.002689618,0.0,0.775282689715307,1.2678060995641196
2020-07-15,1,1,0,316.1138611,0.009187443,-0.096481271,-0.077738516,-0.077956989,-0.120063191,-0.055016181,0.009187443,0.7824055552359531,1.2794539958389173
2020-07-16,0,1,1,315.0727234,-0.003293553,-0.032663317,-0.057471264,-0.055393586,-0.048473968,-0.017123288,-0.003293553,0.7798286610722891,1.27524004629256
2020-07-17,1,1,0,315.9861145,0.002898985,-0.045454545,-0.044715447,-0.040123457,-0.058490566,-0.032520325,0.002898985,0.7820893726633078,1.2789369480581614
2020-07-20,1,0,-1,318.5397949,0.008081622,0.039455782,0.012765957,0.006430868,0.062124248,0.009003601,0.0,0.7820893726633078,1.289272833034201
2020-07-21,1,1,0,319.2174988,0.002127533,-0.007853403,-0.008403361,-0.009584665,-0.011320755,-0.00594884,0.002127533,0.7837532936125983,1.2920158035324845
2020-07-22,1,0,-1,321.0345459,0.005692191,-0.035620053,-0.008474576,-0.009677419,-0.045801527,-0.026929982,0.0,0.7837532936125983,1.2993702042612099
2020-07-23,0,1,1,317.2040405,-0.011931754,0.02872777,0.008547009,0.009771987,0.042,0.014145141,-0.011931754,0.7744017421165229,1.2838664386290353
2020-07-24,0,1,1,315.1611023,-0.006440455,0.050531915,0.021186441,0.019354839,0.069097889,0.020012129,-0.006440455,0.7694142425444999,1.2755977546050348
2020-07-27,1,1,0,317.4593811,0.007292394,-0.006329114,-0.008298755,-0.006329114,-0.007181329,-0.006539834,0.007292394,0.7750251143503459,1.28489991601713
2020-07-28,0,1,1,315.4459534,-0.006342316,0.002547771,-0.012552301,-0.00955414,0.0,0.007181329,-0.006342316,0.7701096601671998,1.2767506747213757
2020-07-29,1,0,-1,319.3255615,0.012298805,0.020330368,0.0,0.0,0.023508137,0.009506833,0.0,0.7701096601671998,1.2924531823033922
2020-07-30,0,1,1,318.1862183,-0.003567968,-0.00249066,-0.008474576,-0.003215434,-0.005300353,0.000588582,-0.003567968,0.7673619335432323,1.2878417507074356
2020-07-31,1,1,0,320.7005615,0.007902112,0.001248439,0.0,-0.003225806,0.0,0.003529412,0.007902112,0.7734257134866276,1.2980184204598018
2020-08-03,1,1,0,322.9301453,0.006952229,-0.018703242,-0.012820513,-0.009708738,-0.023090586,-0.007620164,0.006952229,0.778802746161275,1.3070425417650564
2020-08-04,1,1,0,324.1775208,0.003862679,-0.030495553,-0.060606061,-0.078431373,-0.02,0.050797401,0.003862679,0.7818110111740145,1.312091227543239
2020-08-05,1,0,-1,326.1909485,0.00621088,0.009174312,0.004608295,0.003546099,0.014842301,0.006183249,0.0,0.7818110111740145,1.3202404687065628
2020-08-06,1,1,0,328.3713989,0.006684583,0.011688312,0.009174312,0.007067138,0.014625229,0.006145251,0.006684583,0.7870370917685211,1.3290657256995906
2020-08-07,1,1,0,328.6071472,0.000717932,-0.024390244,-0.009090909,-0.007017544,-0.032432432,-0.010549695,0.000717932,0.7876021308818886,1.3300199045141734
2020-08-10,1,1,0,329.5892639,0.002988726,0.0,0.0,0.0,0.0,0.003928171,0.002988726,0.7899560578481107,1.3339949695833127
2020-08-11,0,1,1,326.8686218,-0.008254644,0.0,0.013761468,0.010600707,0.0,-0.000558971,-0.008254644,0.7834352518149312,1.3229833160116116
2020-08-12,1,0,-1,331.4259644,0.013942429,-0.010526316,0.004524887,0.003496503,-0.013035382,-0.001118568,0.0,0.7834352518149312,1.341428916963288
2020-08-13,0,1,1,330.8268127,-0.001807799,-0.001329787,0.004504505,0.003484321,-0.003773585,0.002799552,-0.001807799,0.7820189583501355,1.3390038831086306
2020-08-14,1,1,0,330.8366699,2.98e-05,-0.011984021,-0.004484305,-0.003472222,-0.013257576,-0.013958682,2.98e-05,0.7820422625150943,1.3390437854243473
2020-08-17,1,0,-1,331.8876038,0.003176594,0.025606469,-0.004504505,-0.003484321,0.038387716,0.007361268,0.0,0.7820422625150943,1.3432973838788635
2020-08-18,1,0,-1,332.6046143,0.002160402,0.021024967,0.0,0.003496503,0.033271719,0.003372681,0.0,0.7820422625150943,1.34619944623359
2020-08-19,0,0,0,331.2197266,-0.004163766,0.001287001,-0.004524887,-0.006968641,0.001788909,0.001120448,-0.0,0.7820422625150943,1.3405941867501436
2020-08-20,1,1,0,332.2510071,0.003113584,-0.047557841,-0.036363636,-0.031578947,-0.067857143,-0.018466704,0.003113584,0.7844772167909851,1.344768239360502
2020-08-21,1,0,-1,333.4296265,0.003547376,-0.008097166,-0.028301887,-0.02173913,-0.007662835,-0.003990878,0.0,0.7844772167909851,1.3495386379383718
2020-08-24,1,1,0,336.8083191,0.010133151,-0.02585034,-0.024271845,-0.025925926,-0.036679537,-0.014882656,0.010133151,0.7924264428847879,1.3632137167369356
2020-08-25,1,1,0,337.986908,0.003499287,-0.011173184,-0.014925373,-0.015209125,-0.014028056,-0.003486345,0.003499287,0.7951993704348308,1.3679839927741346
2020-08-26,1,0,-1,341.3754272,0.010025593,-0.002824859,-0.005050505,-0.007722008,-0.00203252,-0.001749271,0.0,0.7951993704348308,1.381698843516203
2020-08-27,1,1,0,342.1218567,0.002186535,0.0,-0.005076142,0.0,0.0,0.001168224,0.002186535,0.7969381016902646,1.3847199763970108
2020-08-28,1,1,0,344.3317261,0.006459305,-0.043909348,-0.020408163,-0.019455253,-0.059063136,-0.018086348,0.006459305,0.8020857679552029,1.3936643050641517
2020-08-31,0,0,0,343.0843811,-0.00362251,-0.007407407,-0.010416667,-0.015873016,0.0,-0.011289364,-0.0,0.8020857679552029,1.3886157421824137
2020-09-01,1,1,0,346.3157654,0.009418628,-0.014925373,-0.015789474,-0.012096774,-0.017316017,-0.015024038,0.009418628,0.8096403154276672,1.4016945972929737
2020-09-02,1,1,0,351.3248901,0.014464039,0.016666667,-0.010695187,-0.012244898,0.022026432,0.004881025,0.014464039,0.8213509845259852,1.4219687626143085
2020-09-03,0,1,1,339.2342834,-0.034414319,-0.02533532,0.010810811,0.008264463,0.00862069,-0.080752884,-0.034414319,0.7930847497335438,1.3730326760096643
2020-09-04,0,0,0,336.4645691,-0.008164606,-0.016819572,-0.010695187,-0.012295082,-0.019230769,-0.01321004,-0.0,0.7930847497335438,1.3618224051849197
2020-09-08,0,1,1,327.2713318,-0.027323047,-0.061488673,-0.038674033,-0.038135593,-0.070615034,-0.047124047,-0.027323047,0.7714152578415909,1.3246132676023992
2020-09-09,1,0,-1,333.7341003,0.019747433,0.005172414,-0.022988506,-0.026431718,0.004901961,-0.002909091,0.0,0.7714152578415909,1.3507709793552887
2020-09-10,0,1,1,327.93927,-0.017363615,-0.056603774,-0.058823529,-0.058823529,-0.068292683,-0.03646973,-0.017363615,0.7580207002993038,1.3273167121165905
2020-09-11,1,0,-1,328.1062317,0.000509124,0.001818182,-0.025,-0.024038462,0.0,-0.003785011,0.0,0.7580207002993038,1.32799248091033
2020-09-14,1,0,-1,332.4277954,0.013171233,0.043557169,0.019230769,0.014778325,0.062827225,0.009878419,0.0,0.7580207002993038,1.345483779298648
2020-09-15,1,1,0,334.1073608,0.005052422,0.029565217,0.012578616,0.009708738,0.041871921,0.010534236,0.005052422,0.7618505407619514,1.3522817311458195
2020-09-16,0,0,0,332.7813721,-0.003968751,0.081081081,0.055900621,0.048076923,0.101654846,0.046909903,-0.0,0.7618505407619514,1.3469148616730526
2020-09-17,0,1,1,329.8544922,-0.008795203,-0.01875,-0.005882353,0.0,-0.025751073,-0.007112376,-0.008795203,0.7551499106002902,1.3350684720409212
2020-09-18,0,1,1,326.0569763,-0.0115127,-0.00477707,0.00591716,0.0,-0.00660793,0.00286533,-0.0115127,0.7464560962245222,1.3196982292428556
2020-09-21,0,1,1,322.4281006,-0.011129575,-0.0752,-0.070588235,-0.064220183,-0.099778271,-0.033571429,-0.011129575,0.7381483571173842,1.30501054882313
2020-09-22,1,1,0,325.711853,0.010184449,0.012110727,-0.006329114,-0.004901961,0.017241379,-0.000739098,0.010184449,0.7456659914148801,1.3183013622020814
2020-09-23,0,0,0,318.1582642,-0.023191016,0.027350427,0.006369427,0.004926108,0.033898305,0.012573964,-0.0,0.7456659914148801,1.2877286142184312
2020-09-24,1,1,0,319.0062866,0.002665411,0.001663894,-0.006329114,-0.004901961,-0.00234192,-0.002191381,0.002665411,0.7476534977507232,1.2911609402317836
2020-09-25,1,0,-1,324.1636658,0.016167014,0.00166113,0.0,0.0,0.002347418,0.001464129,0.0,0.7476534977507232,1.312035157228764
2020-09-28,1,1,0,329.5477905,0.016609279,-0.001658375,-0.006369427,-0.004926108,-0.007025761,0.002923977,0.016609279,0.7600714832901909,1.3338271152129857
2020-09-29,0,1,1,327.7531128,-0.00544588,0.034883721,0.025641026,0.01980198,0.044811321,0.028425656,-0.00544588,0.7559322252007705,1.3265632528027895
2020-09-30,1,1,0,330.2380981,0.007581882,0.011235955,0.00625,0.004854369,0.013544018,0.008504607,0.007581882,0.7616636141322402,1.3366210988510765
2020-10-01,1,0,-1,332.3581848,0.006419873,0.017460317,0.00621118,0.009661836,0.020044543,0.011243851,0.0,0.7616636141322402,1.345202036554821
2020-10-02,0,0,0,329.2026672,-0.009494328,0.017160686,0.0,0.0,0.019650655,0.008339124,-0.0,0.7616636141322402,1.3324302471935014
2020-10-05,1,1,0,335.0404358,0.017733054,-0.012269939,-0.012345679,-0.009569378,0.004282655,-0.021364576,0.017733054,0.7751702361314824,1.356058304718217
2020-10-06,0,1,1,330.2775269,-0.014215923,-0.017080745,-0.0125,-0.014492754,-0.021321962,-0.007042254,-0.014215923,0.7641504757427454,1.3367806842748324
2020-10-07,1,1,0,336.0265503,0.017406644,-0.025276461,-0.025316456,-0.014705882,-0.030501089,-0.011347518,0.017406644,0.77745177103643,1.3600495497520808
2020-10-08,1,0,-1,339.0046082,0.008862567,0.0,0.0,-0.004975124,0.0,0.0,0.0,0.77745177103643,1.3721030800100784
2020-10-09,1,1,0,342.0319519,0.008930096,-0.022690438,-0.019480519,-0.015,-0.026966292,-0.010043042,0.008930096,0.7843944899871554,1.3843560922364642
2020-10-12,1,0,-1,347.5344238,0.016087596,0.001658375,0.0,0.0,0.002309469,-0.000724638,0.0,0.7843944899871554,1.406627053768503
2020-10-13,0,1,1,345.2663574,-0.006526163,0.003311258,0.0,0.0,0.002304147,0.002900653,-0.006526163,0.7792754036891975,1.3974471763354002
2020-10-14,0,1,1,343.0969238,-0.006283362,0.01320132,0.006622517,0.005076142,0.016091954,0.003615329,-0.006283362,0.774378934230122,1.388666509850607
2020-10-15,0,1,1,342.6729126,-0.001235835,0.0,0.0,0.0,0.0,0.0,-0.001235835,0.7734219296399377,1.3869503471744058
2020-10-16,0,1,1,342.4658508,-0.000604255,-0.021172638,-0.013157895,-0.01010101,-0.027149321,-0.0129683,-0.000604255,0.772954585571843,1.3861122754923738
2020-10-19,0,0,0,337.2591553,-0.015203547,0.003327787,0.0,0.0,0.011627907,-0.003649635,-0.0,0.772954585571843,1.3650384523646486
2020-10-20,1,0,-1,338.6101379,0.00400577,-0.036484245,-0.013333333,-0.010204082,-0.050574713,-0.017582418,0.0,0.772954585571843,1.3705064824459774
2020-10-21,0,0,0,337.9691772,-0.001892916,-0.008605852,-0.006756757,-0.005154639,-0.00968523,-0.002982849,-0.0,0.772954585571843,1.3679122287972518
2020-10-22,1,1,0,339.8230591,0.005485358,-0.003472222,-0.006802721,-0.010362694,-0.004889976,0.001495886,0.005485358,0.7771945181914462,1.3754157170847827
2020-10-23,1,0,-1,340.9768066,0.003395142,-0.034843206,-0.01369863,-0.015706806,-0.051597052,-0.008961912,0.0,0.7771945181914462,1.3800854487533174
2020-10-26,0,1,1,334.6755676,-0.018479964,-0.037906137,-0.020833333,-0.015957447,-0.046632124,-0.024868124,-0.018479964,0.762831991474271,1.3545815193434323
2020-10-27,0,1,1,333.5218201,-0.003447361,-0.009380863,-0.014184397,-0.010810811,-0.013586957,-0.007727975,-0.003447361,0.7602022342173104,1.349911787842327
2020-10-28,0,1,1,322.1223755,-0.034179007,-0.003787879,0.0,-0.005464481,-0.002754821,-0.002336449,-0.034179007,0.7342192767325812,1.3037731433962816
2020-10-29,1,1,0,325.3962708,0.010163514,0.005703422,0.0,0.005494505,0.005524862,0.005464481,0.010163514,0.7416815246307228,1.3170240599920138
2020-10-30,0,0,0,322.0040894,-0.01042477,-0.009451796,0.0,0.0,-0.010989011,-0.001552795,-0.0,0.7416815246307228,1.303294387082131
2020-11-02,1,0,-1,325.6132202,0.011208339,-0.022770398,0.0,-0.005434783,-0.035616438,-0.009324009,0.0,0.7416815246307228,1.3179021523893446
2020-11-03,1,1,0,331.3622437,0.017655989,-0.001941748,0.007142857,0.005464481,0.0,-0.007058824,0.017655989,0.7547766454711061,1.3411710182950074
2020-11-04,1,1,0,338.7679138,0.022349167,0.003891051,0.0,0.005434783,0.008522727,-0.015797788,0.022349167,0.7716452747684397,1.3711450733584425
2020-11-05,1,1,0,345.3748169,0.019502742,-0.015503876,-0.007092199,-0.010810811,-0.008450704,-0.00882825,0.019502742,0.7866944734777677,1.3978861619687233
2020-11-06,0,1,1,345.2959595,-0.000228324,0.00984252,0.0,0.0,0.008522727,0.00242915,-0.000228324,0.7865148522488054,1.397566991008678
2020-11-09,1,1,0,349.6348267,0.012565647,-0.01754386,-0.021428571,-0.016393443,-0.025352113,-0.012116317,0.012565647,0.796397920242421,1.4151283244765454
2020-11-10,0,1,1,349.1220398,-0.001466636,0.003968254,-0.00729927,-0.005555556,0.00867052,0.000817661,-0.001466636,0.7952298943822683,1.4130528463312484
2020-11-11,1,0,-1,351.7155762,0.007428739,0.0,-0.007352941,-0.011173184,-0.005730659,-0.00245098,0.0,0.7952298943822683,1.4235500471198503
2020-11-12,0,1,1,348.3035583,-0.009701071,0.005928854,-0.007407407,-0.005649718,0.011527378,0.009009009,-0.009701071,0.7875153127155434,1.4097400870406873
2020-11-13,1,0,-1,353.1256409,0.013844483,-0.011787819,-0.007462687,-0.011363636,-0.011396011,-0.013798701,0.0,0.7875153127155434,1.4292572097101406
2020-11-16,1,1,0,357.5335999,0.012482693,0.013916501,0.0,0.0,0.017291066,0.007407407,0.012482693,0.7973456245969704,1.4470981886769887
2020-11-17,0,0,0,355.6106873,-0.005378271,0.011764706,0.007518797,0.0,0.019830028,0.0,-0.0,0.7973456245969704,1.4393153024546748
2020-11-18,0,1,1,351.3309631,-0.012034858,0.019379845,0.007462687,0.011494253,0.027777778,0.008986928,-0.012034858,0.7877496832280245,1.4219933471724056
2020-11-19,1,1,0,352.8101196,0.004210151,0.005703422,0.007407407,0.005681818,0.008108108,0.001619433,0.004210151,0.7910662283446167,1.427980153884997
2020-11-20,0,1,1,350.3941345,-0.006847834,-0.005671078,0.007352941,0.005649718,-0.00536193,-0.002425222,-0.006847834,0.7856491381299067,1.418201582835898
2020-11-23,1,0,-1,352.4945374,0.005994401,-0.001901141,0.0,0.0,-0.002695418,0.0,0.0,0.7856491381299067,1.426702851822251
2020-11-24,1,1,0,358.1745911,0.016113877,0.005714286,0.00729927,0.005617978,0.005405405,0.001620746,0.016113877,0.798308991706888,1.449692566092064
2020-11-25,0,1,1,357.6223145,-0.00154192,-0.005681818,0.0,-0.005586592,-0.005376344,-0.004854369,-0.00154192,0.7970780631063953,1.4474572561305554
2020-11-27,1,0,-1,358.6183167,0.002785067,-0.01934236,0.0,-0.005617978,-0.024861878,-0.009031199,0.0,0.7970780631063953,1.4514885215685152
2020-11-30,0,1,1,357.0306396,-0.004427206,-0.009861933,0.0,0.005649718,-0.011331445,-0.009942005,-0.004427206,0.7935492343229422,1.4450624828768959
2020-12-01,1,0,-1,360.9356384,0.010937433,-0.007968127,0.00729927,0.0,-0.011461318,-0.007531381,0.0,0.7935492343229422,1.4608677569641757
2020-12-02,1,1,0,361.6949768,0.002103805,0.004016064,-0.007246377,-0.005617978,0.005797101,0.00084317,0.002103805,0.795218707169857,1.4639411378556157
2020-12-03,0,1,1,361.596344,-0.000272696,0.004,-0.00729927,-0.005649718,0.020172911,-0.01347936,-0.000272696,0.7950018542092866,1.4635419269630872
2020-12-04,1,1,0,364.7124634,0.008617674,-0.009960159,-0.007352941,-0.005681818,-0.005649718,-0.006831768,0.008617674,0.8018529210182577,1.4761542541749868
2020-12-07,0,0,0,363.9629822,-0.002054992,-0.00804829,-0.007407407,-0.011428571,-0.008522727,-0.005159071,-0.0,0.8018529210182577,1.4731207689918913
2020-12-08,1,0,-1,365.0280151,0.002926212,0.022312373,0.007462687,0.005780347,0.028653295,0.00605013,0.0,0.8018529210182577,1.4774314326635645
2020-12-09,0,1,1,361.7541199,-0.008968888,0.017857143,0.0,0.0,0.019498607,0.007731959,-0.008968888,0.7946611919771721,1.4641805156163255
2020-12-10,0,1,1,361.6358032,-0.000327064,0.0,0.0,0.0,0.0,0.000852515,-0.000327064,0.7944012869090793,1.463701634880166
2020-12-11,0,1,1,361.2117615,-0.001172566,0.023391813,0.014814815,0.011494253,0.030054645,0.014480409,-0.001172566,0.7934697989696934,1.4619853481089609
2020-12-14,0,1,1,359.5945435,-0.004477202,-0.017142857,0.0,0.005681818,-0.018567639,-0.011754828,-0.004477202,0.7899172743988067,1.4554397443844367
2020-12-15,1,1,0,364.4560242,0.013519339,0.0,0.0,0.0,-0.002702703,0.0,0.013519339,0.8005964338133601,1.4751163276828432
2020-12-16,1,1,0,365.0280151,0.001569438,0.009689922,0.0,0.0,0.016260163,-0.000849618,0.001569438,0.8018529202792513,1.477431431301929
2020-12-17,1,1,0,367.0692444,0.00559198,-0.005758157,-0.00729927,-0.005649718,-0.002666667,-0.013605442,0.00559198,0.8063368657723944,1.4856931983171406
2020-12-18,0,1,1,365.6035767,-0.003992892,-0.007722008,0.0,-0.005681818,-0.00802139,-0.006034483,-0.003992892,0.8031172497517467,1.4797609858311258
2020-12-21,0,1,1,364.2963562,-0.003575513,-0.013618677,-0.007352941,-0.005714286,-0.013477089,-0.019947962,-0.003575513,0.8002456935847351,1.4744700811893938
2020-12-22,0,0,0,363.682373,-0.001685395,0.013806706,0.0,0.0,0.021857923,0.001769912,-0.0,0.8002456935847351,1.4719850166869077
2020-12-23,1,0,-1,364.0091858,0.000898621,0.003891051,0.0,0.0,0.00802139,-0.001766784,0.0,0.8002456935847351,1.4733077733345878
2020-12-24,1,1,0,365.4253235,0.00389039,0.050387597,0.014814815,0.011494253,0.055702918,0.034513274,0.00389039,0.8033589614286002,1.479039515162891
2020-12-28,1,1,0,368.5646362,0.008590846,0.005535055,0.0,0.0,0.010050251,0.0,0.008590846,0.8102604945489532,1.49174571586557
2020-12-29,0,1,1,367.8614807,-0.001907821,0.003669725,0.01459854,0.011363636,0.004975124,0.001710864,-0.001907821,0.8087146625619823,1.4888997320621817
2020-12-30,1,0,-1,368.3863525,0.001426819,0.031078611,0.028776978,0.028089888,0.03960396,0.01793339,0.0,0.8087146625619823,1.4910241224889829
2020-12-31,1,1,0,370.2580566,0.005080818,0.0,0.020979021,0.016393443,-0.002380952,0.003355705,0.005080818,0.8128235945763911,1.498599744688959
2021-01-04,0,1,1,365.2173767,-0.013613964,-0.021276596,-0.006849315,-0.005376344,-0.031026253,-0.012541806,-0.013613964,0.8017578434214775,1.4781978617143543
2021-01-05,1,0,-1,367.7327576,0.006887353,-0.003623188,-0.006896552,0.0,0.002463054,-0.011007621,0.0,0.8017578434214775,1.4883787321918263
2021-01-06,1,1,0,369.9312439,0.005978489,-0.016363636,0.0,-0.005405405,-0.017199017,-0.01369863,0.005978489,0.8065511438690366,1.4972769880700691
2021-01-07,1,1,0,375.4274902,0.014857481,-0.009242144,-0.006944444,-0.005434783,-0.0075,-0.002604167,0.014857481,0.818534462164599,1.5195227524720574
2021-01-08,1,0,-1,377.5665588,0.005697688,0.003731343,0.0,0.0,0.007556675,-0.001740644,0.0,0.818534462164599,1.5281805190245443
2021-01-11,0,0,0,375.0214844,-0.006740731,-0.037174721,-0.020979021,-0.016393443,-0.05,-0.016564952,-0.0,0.818534462164599,1.5178794652263594
2021-01-12,1,1,0,375.1006775,0.00021117,-0.023166023,-0.014285714,-0.016666667,-0.028947368,-0.010638298,0.00021117,0.8187073120869743,1.5181999958330312
2021-01-13,1,1,0,376.1108398,0.002693043,-0.007905138,-0.014492754,-0.011299435,-0.005420054,-0.005376344,0.002693043,0.820912126082839,1.5222885737044094
2021-01-14,0,1,1,374.7936707,-0.003502077,-0.009960159,0.0,-0.005714286,-0.016348774,-0.002702703,-0.003502077,0.8180372286070632,1.5169574019030763
2021-01-15,0,0,0,372.0604248,-0.007292668,-0.010060362,-0.007352941,-0.005747126,-0.008310249,-0.010840108,-0.0,0.8180372286070632,1.5058947352008547
2021-01-19,1,0,-1,374.981842,0.007851997,-0.008130081,-0.007462687,-0.011560694,-0.008403361,0.0,0.0,0.8180372286070632,1.5177190161439675
2021-01-20,1,1,0,380.1711121,0.013838723,0.00204918,0.0,0.0,0.002824859,-0.007305936,0.013838723,0.8293578192174441,1.5387223092002167
2021-01-21,1,1,0,380.5177002,0.000911664,0.024539877,0.007518797,0.005847953,0.033802817,0.011959522,0.000911664,0.8301139148843432,1.5401251069355113
2021-01-22,0,0,0,379.1708679,-0.003539473,-0.013972056,-0.007462687,-0.005813953,-0.019073569,-0.007272727,-0.0,0.8301139148843432,1.5346738757028908
2021-01-25,1,1,0,380.6662598,0.003943847,-0.006072874,-0.007518797,-0.005847953,-0.008333333,-0.002747253,0.003943847,0.833387757157218,1.5407263946635599
2021-01-26,0,0,0,380.0720825,-0.001560888,-0.00203666,0.0,0.0,0.00280112,-0.001836547,-0.0,0.833387757157218,1.5383214933228462
2021-01-27,0,0,0,370.7829285,-0.024440506,0.002040816,-0.007575758,-0.005882353,-0.005586592,0.001839926,-0.0,0.833387757157218,1.5007241376353602
2021-01-28,1,0,-1,373.9717407,0.008600213,-0.00610998,0.0,-0.00591716,-0.008426966,-0.004591368,0.0,0.833387757157218,1.5136306848732657
2021-01-29,0,0,0,366.4849854,-0.020019575,-0.00204918,-0.007633588,-0.005952381,-0.002832861,0.002767528,-0.0,0.833387757157218,1.483328441855144
2021-02-01,1,1,0,372.5852966,0.01664546,0.005964215,0.0,-0.005952381,0.008196721,0.002712477,0.01664546,0.8472598797334682,1.508019126100906
2021-02-02,1,1,0,377.8537598,0.014140287,0.045454545,0.015384615,0.017964072,0.054200542,0.024346258,0.014140287,0.859240377596485,1.529342949345462
2021-02-03,1,0,-1,378.1508484,0.000786253,-0.007561437,0.007575758,0.0,-0.010282776,-0.007922535,0.0,0.859240377596485,1.5305453998274137
2021-02-04,1,1,0,382.4487915,0.011365684,0.0,0.0,0.005882353,0.0,0.002661934,0.011365684,0.8690062322082873,1.5479410951895058
2021-02-05,1,1,0,383.954071,0.003935898,0.013333333,0.007518797,0.0,-0.002597403,0.009734513,0.003935898,0.8724265520996234,1.5540336334501799
2021-02-08,1,1,0,386.7269592,0.007221927,-0.013157895,-0.007462687,0.0,-0.013020833,-0.011393514,0.007221927,0.8787271529717485,1.5652567509065018
2021-02-09,0,0,0,386.4694824,-0.000665784,-0.034285714,-0.007518797,-0.011695906,-0.044854881,-0.015957447,-0.0,0.8787271529717485,1.5642146280058564
2021-02-10,0,1,1,386.3011169,-0.00043565,-0.055226824,-0.015151515,-0.017751479,-0.069060773,-0.031531532,-0.00043565,0.8783443354875564,1.5635331779031656
2021-02-11,1,1,0,386.9250183,0.001615065,-0.041753653,-0.023076923,-0.024096386,-0.041543027,-0.030697674,0.001615065,0.8797629186817506,1.5660583856151358
2021-02-12,1,1,0,388.8363342,0.004939758,0.017429194,-0.015748031,-0.012345679,0.018575851,0.005758157,0.004939758,0.884108734597412,1.5737943350539452
2021-02-16,0,1,1,388.4996033,-0.000865997,0.035545024,0.0,-0.006535948,0.051369863,0.01338826,-0.000865997,0.8833430990855768,1.5724314338811713
2021-02-17,1,0,-1,388.5887451,0.000229452,0.0,-0.008403361,0.0,0.0,0.0,0.0,0.8833430990855768,1.572792231418538
2021-02-18,0,0,0,386.9349365,-0.004255935,0.057208238,0.025423729,0.013157895,0.068403909,0.020325203,-0.0,0.8833430990855768,1.5660985299131158
2021-02-19,0,1,1,386.2515869,-0.001766058,0.002164502,0.0,0.006493506,0.006097561,-0.002988048,-0.001766058,0.881783063938692,1.5633327090755746
2021-02-22,0,1,1,383.2806702,-0.007691662,-0.028077754,-0.016528926,-0.019354839,-0.03030303,-0.021978022,-0.007691662,0.8750006866535511,1.551308082283821
2021-02-23,1,1,0,383.7460938,0.001214315,-0.004444444,0.0,-0.006578947,-0.00625,-0.004085802,0.001214315,0.8760632131123648,1.5531918589577594
2021-02-24,1,1,0,387.9747314,0.011019363,-0.013392857,-0.016806723,-0.013245033,-0.018867925,-0.01025641,0.011019363,0.8857168716685963,1.5703070438602595
2021-02-25,0,1,1,378.6261902,-0.024095748,0.013574661,-0.008547009,-0.006711409,0.016025641,0.008290155,-0.024095748,0.8643748611295214,1.5324693210487776
2021-02-26,0,0,0,376.6752625,-0.005152649,0.002232143,0.0,0.0,0.006309148,-0.002055498,-0.0,0.8643748611295214,1.524573044534145
2021-03-01,1,1,0,385.8059387,0.02424018,-0.027088036,-0.00862069,-0.013513514,-0.031847134,-0.022869023,0.02424018,0.8853274633507761,1.5615289695568009
2021-03-02,0,1,1,382.7954102,-0.00780322,0.004640371,-0.008695652,-0.01369863,0.009868421,-0.005319149,-0.00780322,0.878419058382208,1.5493440154709759
2021-03-03,0,1,1,377.7250061,-0.013245728,0.0,0.0,0.0,-0.003257329,-0.001069519,-0.013245728,0.8667837584648611,1.5288218260636195
2021-03-04,0,1,1,373.0507507,-0.012374758,0.004618938,-0.00877193,0.0,0.006535948,-0.001070664,-0.012374758,0.856057519215528,1.509903025940964
2021-03-05,1,0,-1,379.9136353,0.018396651,-0.004597701,-0.008849558,-0.006944444,0.0,-0.011789925,0.0,0.856057519215528,1.537680184953044
2021-03-08,0,1,1,378.0221252,-0.004978789,-0.027713626,-0.026785714,-0.027972028,-0.032467532,-0.021691974,-0.004978789,0.8517953894554904,1.5300243997626817
2021-03-09,1,1,0,383.419342,0.014277516,-0.009501188,-0.009174312,-0.014388489,-0.006711409,-0.011086475,0.014277516,0.8639569117571673,1.5518693476106837
2021-03-10,1,1,0,385.8059387,0.006224508,-0.016786571,-0.009259259,-0.00729927,-0.013513514,-0.01793722,0.006224508,0.8693346184660551,1.5615289707798414
2021-03-11,1,1,0,389.7176819,0.010139147,-0.017073171,0.0,-0.007352941,-0.020547945,-0.014840183,0.010139147,0.8781489299548714,1.577361542559337
2021-03-12,1,0,-1,390.2425842,0.001346878,0.0,0.0,0.0,0.003496503,-0.001158749,0.0,0.8781489299548714,1.5794860561190565
2021-03-15,1,1,0,392.5697937,0.005963494,0.0,0.009345794,0.014814815,0.003484321,-0.001160093,0.005963494,0.8833857658297636,1.588905311737806
2021-03-16,0,1,1,392.074646,-0.001261299,0.00248139,0.018518519,0.01459854,0.003472222,-0.008130081,-0.001261299,0.8822715522467082,1.5869012270570164
2021-03-17,1,0,-1,393.4115906,0.003409924,0.00990099,0.009090909,0.0,0.010380623,0.007025761,0.0,0.8822715522467082,1.5923124396367876
2021-03-18,0,1,1,387.6875916,-0.014549645,0.012254902,0.0,0.007194245,0.01369863,0.005813953,-0.014549645,0.8694348143679196,1.5691448589109884
2021-03-19,0,1,1,386.9702454,-0.00185032,-0.014527845,0.0,-0.007142857,-0.006756757,-0.016184971,-0.00185032,0.8678260817421983,1.5662414387956483
2021-03-22,1,1,0,390.0601501,0.007984864,-0.002457002,-0.009009009,-0.007194245,-0.006802721,-0.005875441,0.007984864,0.8747555549805627,1.5787476636755957
2021-03-23,0,0,0,386.9900818,-0.007870756,0.0,-0.018181818,-0.014492754,0.006849315,-0.002364066,-0.0,0.8747555549805627,1.566321726029235
2021-03-24,0,0,0,385.0228271,-0.005083476,-0.002463054,-0.009259259,-0.014705882,-0.003401361,-0.007109005,-0.0,0.8747555549805627,1.5583593671266869
2021-03-25,1,1,0,387.1888123,0.005625602,-0.004938272,0.0,0.0,-0.006825939,0.001193317,0.005625602,0.8796765815801725,1.5671260766991135
2021-03-26,1,0,-1,393.4283447,0.016114961,0.037220844,0.0,0.0,0.04467354,0.025029797,0.0,0.8796765815801725,1.5923802523072028
2021-03-29,0,0,0,393.2296448,-0.000505047,-0.014354067,0.0,0.0,-0.016447368,-0.011627907,-0.0,0.8796765815801725,1.5915760254379159
2021-03-30,0,1,1,392.1863708,-0.002653091,-0.012135922,0.0,-0.007462687,-0.023411371,-0.005882353,-0.002653091,0.8773427195586714,1.5873534294090108
2021-03-31,1,0,-1,393.776062,0.004053407,-0.004914005,-0.009345794,0.0,-0.006849315,-0.003550296,0.0,0.8773427195586714,1.5937876189112512
2021-04-01,1,0,-1,398.0284729,0.010799059,-0.039506173,-0.009433962,-0.007518797,-0.044827586,-0.034441805,0.0,0.8773427195586714,1.6109990254413433
2021-04-05,1,0,-1,403.7414246,0.014353123,-0.010282776,0.0,-0.007575758,-0.003610108,0.001230012,0.0,0.8773427195586714,1.6341218926063832
2021-04-06,0,1,1,403.5029907,-0.000590561,0.005194805,-0.019047619,-0.007633588,0.007246377,-0.006142506,-0.000590561,0.8768245951648661,1.6331568439473636
2021-04-07,1,1,0,403.9699402,0.001157239,-0.002583979,0.0,0.0,0.003597122,-0.007416564,0.001157239,0.8778392907825502,1.6350467967402966
2021-04-08,1,0,-1,405.8875122,0.004746819,0.018134715,0.009708738,0.007692308,0.017921147,0.00871731,0.0,0.8778392907825502,1.6428080679409525
2021-04-09,1,0,-1,408.8383789,0.007270159,-0.002544529,0.009615385,0.007633588,-0.007042254,0.001234568,0.0,0.8778392907825502,1.6547515438013658
2021-04-12,1,1,0,408.9874268,0.000364564,-0.030612245,-0.00952381,-0.007575758,-0.035460993,-0.024660912,0.000364564,0.8781593193857551,1.6553548066431802
2021-04-13,1,1,0,410.1995239,0.002963654,-0.005263158,-0.009615385,-0.015267176,-0.011029412,-0.001264223,0.002963654,0.88076187976529,1.6602607055373075
2021-04-14,0,0,0,408.7986755,-0.003415041,-0.005291005,-0.009708738,-0.007751938,0.0,-0.020253165,-0.0,0.88076187976529,1.6545908471572086
2021-04-15,1,1,0,413.190155,0.010742401,0.015957447,-0.009803922,-0.0078125,0.018587361,0.010335917,0.010742401,0.8902233770632424,1.672365125528301
2021-04-16,1,1,0,414.571228,0.003342463,0.007853403,0.0,0.0,0.01459854,-0.003836317,0.003342463,0.8931989157628114,1.6779549440828698
2021-04-19,0,1,1,412.5343933,-0.004913112,-0.007792208,-0.00990099,-0.007874016,-0.003597122,-0.008985879,-0.004913112,0.8888105294513902,1.669710963511637
2021-04-20,0,1,1,409.5140076,-0.007321537,-0.023560209,-0.01,-0.007936508,-0.025270758,-0.018134715,-0.007321537,0.8823030702740222,1.6574861129129808
2021-04-21,1,1,0,413.388855,0.009462063,0.002680965,0.01010101,0.0,0.0,-0.006596306,0.009462063,0.8906514775100484,1.6731693509349885
2021-04-22,0,1,1,409.6133423,-0.009133078,-0.002673797,-0.01,-0.008,-0.003703704,0.0,-0.009133078,0.8825170880951339,1.65788816474569
2021-04-23,1,1,0,414.0545349,0.010842402,-0.00536193,0.0,0.0,0.0,-0.01062417,0.010842402,0.8920856931361307,1.675863654698905
2021-04-26,1,0,-1,414.9189148,0.002087599,-0.010781671,0.0,-0.008064516,-0.011152416,-0.009395973,0.0,0.8920856931361307,1.6793621859885908
2021-04-27,0,1,1,414.8295288,-0.00021543,-0.005449591,0.01010101,0.008130081,-0.007518797,-0.013550136,-0.00021543,0.8918935111152584,1.6790004009928632
2021-04-28,0,1,1,414.7102966,-0.000287425,0.02739726,0.01,0.016129032,0.034090909,0.017857143,-0.000287425,0.8916371586228261,1.6785178143026078
2021-04-29,1,1,0,417.3531494,0.006372769,0.0,0.00990099,0.007936508,0.007326007,0.0,0.006372769,0.8973193562665457,1.6892146205955432
2021-04-30,0,1,1,414.6109314,-0.006570498,-0.002666667,0.0,0.0,-0.007272727,-0.002699055,-0.006570498,0.8914235212308351,1.6781156393093495
2021-05-03,1,1,0,415.5051575,0.002156784,0.029411765,0.009803922,0.007874016,0.036630037,0.01759134,0.002156784,0.8933461292186495,1.6817349722703618
2021-05-04,0,0,0,412.9417419,-0.006169395,-0.023376623,-0.009708738,0.0,-0.028268551,-0.01462766,-0.0,0.8933461292186495,1.6713596849411119
2021-05-05,1,1,0,413.0709534,0.000312905,0.007978723,0.0,-0.0078125,0.007272727,0.008097166,0.000312905,0.8936256616892126,1.6718826617433282
2021-05-06,1,1,0,416.3695374,0.007985514,0.013192612,0.009803922,0.007874016,0.010830325,-0.014725569,0.007985514,0.9007617219213911,1.6852335041450368
2021-05-07,1,0,-1,419.3998718,0.007277993,-0.002604167,0.0,0.0078125,0.0,-0.006793478,0.0,0.9007617219213911,1.6974986217915697
2021-05-10,0,1,1,415.2468262,-0.009902353,-0.020887728,-0.009708738,-0.007751938,-0.025,-0.01504788,-0.009902353,0.8918420613820377,1.6806893912215761
2021-05-11,0,1,1,411.540863,-0.008924724,-0.018666667,-0.009803922,-0.0078125,-0.021978022,-0.015277778,-0.008924724,0.883882617132612,1.6656897022751955
2021-05-12,0,1,1,402.7975769,-0.021245244,-0.010869565,-0.00990099,-0.015748031,-0.014981273,-0.004231312,-0.021245244,0.865104315264271,1.6303017181220716
2021-05-13,1,1,0,407.6361694,0.012012467,-0.016483516,-0.01,-0.008,-0.015209125,-0.02407932,0.012012467,0.8754963523029405,1.6498856637110562
2021-05-14,1,0,-1,413.8955688,0.015355358,-0.011173184,-0.01010101,-0.016129032,-0.007722008,-0.008708273,0.0,0.8754963523029405,1.6752202487364072
2021-05-17,0,1,1,412.8424072,-0.002544511,-0.008474576,0.0,0.0,-0.007782101,-0.004392387,-0.002544511,0.8732686422040459,1.6709576323860746
2021-05-18,0,0,0,409.2854919,-0.008615673,0.0,0.0,0.0,-0.003921569,0.0,-0.0,0.8732686422040459,1.656561207828582
2021-05-19,0,1,1,408.2124329,-0.002621786,-0.002849003,0.0,0.0,-0.003937008,-0.004411765,-0.002621786,0.8709791187036763,1.652218058845754
2021-05-20,1,0,-1,412.6039734,0.010757978,-0.005714286,-0.010204082,0.0,-0.003952569,0.001477105,0.0,0.8709791187036763,1.6699925843740193
2021-05-21,0,0,0,412.2661743,-0.0008187,-0.002873563,0.0,-0.008196721,-0.003968254,-0.004424779,-0.0,0.8709791187036763,1.6686253614451925
2021-05-24,1,1,0,416.4689026,0.010194211,-0.017291066,-0.020618557,-0.016528926,-0.023904382,-0.013333333,0.010194211,0.8798580636163356,1.685635680459716
2021-05-25,0,1,1,415.5448608,-0.002218753,0.008797654,-0.010526316,-0.008403361,0.012244898,0.0,-0.002218753,0.8779058758981126,1.681895671236789
2021-05-26,1,1,0,416.3695374,0.001984567,0.005813953,0.0,0.0,0.008064516,0.004504505,0.001984567,0.8796481389285262,1.6852335058833685
2021-05-27,1,0,-1,416.5881042,0.000524935,-0.014450867,0.0,0.0,-0.016,-0.007473842,0.0,0.8796481389285262,1.6861181439337796
2021-05-28,1,1,0,417.333313,0.001788838,0.008797654,0.010638298,0.008474576,0.016260163,0.003012048,0.001788838,0.8812216869460708,1.6891343361421378
2021-06-01,0,0,0,416.9656982,-0.000880866,-0.014409222,-0.010309278,-0.008264463,-0.007968127,-0.010479042,-0.0,0.8812216869460708,1.6876464351359977
2021-06-02,1,0,-1,417.6214294,0.001572626,0.0,-0.010416667,-0.008333333,0.004016064,-0.004538578,0.0,0.8812216869460708,1.6903004717986998
2021-06-03,0,1,1,416.0714722,-0.003711393,0.029239766,0.0,0.0,0.032,0.010638298,-0.003711393,0.877951126945691,1.6840271024597695
2021-06-04,1,0,-1,419.8768005,0.009145853,0.014204545,0.0,0.0,-0.007751938,0.039097744,0.0,0.877951126945691,1.6994289667868823
2021-06-07,0,1,1,419.4694519,-0.000970162,-0.008403361,0.010526316,0.008403361,-0.01171875,-0.002894356,-0.000970162,0.8770993721244711,1.6977802453816064
2021-06-08,1,1,0,419.5588684,0.000213166,-0.002824859,0.0,0.0,0.0,0.0,0.000213166,0.8772863398892293,1.6981421544053934
2021-06-09,0,0,0,418.9328918,-0.001491987,-0.005665722,-0.010416667,-0.008333333,-0.007905138,-0.01161103,-0.0,0.8772863398892293,1.6956085483868686
2021-06-10,1,1,0,420.880249,0.004648375,0.008547009,0.021052632,0.016806723,0.011952191,0.001468429,0.004648375,0.8813642957794119,1.7034903727729762
2021-06-11,1,1,0,421.5757751,0.001652551,0.016949153,0.030927835,0.024793388,0.023622047,0.007331378,0.001652551,0.8828207952277665,1.7063054774919926
2021-06-14,1,1,0,422.5196838,0.002239001,-0.008333333,0.02,0.016129032,-0.011538462,-0.011644833,0.002239001,0.8847974318711022,1.7101258971624025
2021-06-15,0,1,1,421.7446899,-0.00183422,0.014005602,0.019607843,0.023809524,0.027237354,0.001472754,-0.00183422,0.8831745187256156,1.7069891500393093
2021-06-16,0,0,0,419.3899231,-0.005583394,0.002762431,0.0,-0.007751938,0.007575758,0.001470588,-0.0,0.8831745187256156,1.6974583570609147
2021-06-17,0,1,1,419.2508545,-0.000331597,-0.03030303,-0.019230769,-0.0078125,-0.033834586,-0.02349486,-0.000331597,0.8828816607047297,1.6968954849620885
2021-06-18,0,1,1,413.5950012,-0.01349038,0.008522727,0.0,-0.007874016,0.003891051,0.004511278,-0.01349038,0.8709712516067918,1.6740037200496656
2021-06-21,1,1,0,419.5159912,0.014315913,0.0,0.0,0.0,0.007751938,-0.005988024,0.014315913,0.8834400002702957,1.6979686116675727
2021-06-22,1,0,-1,421.7588196,0.005346229,0.0,-0.009803922,-0.007936508,0.003846154,-0.010542169,0.0,0.8834400002702957,1.7070463407003595
2021-06-23,0,1,1,421.2504578,-0.001205338,0.028169014,0.00990099,0.008,0.030651341,0.03500761,-0.001205338,0.8823751564672498,1.7049887728781525
2021-06-24,1,0,-1,423.7424622,0.005915731,0.002739726,-0.019607843,-0.015873016,0.0,0.007352941,0.0,0.8823751564672498,1.7150750278165197
2021-06-25,1,0,-1,425.2476196,0.003552057,0.00273224,0.0,0.0,0.003717472,0.002919708,0.0,0.8823751564672498,1.7211670720746006
2021-06-28,1,0,-1,426.1048889,0.00201593,-0.024523161,0.0,-0.008064516,-0.025925926,-0.024745269,0.0,0.8823751564672498,1.724636824410208
2021-06-29,1,0,-1,426.3341675,0.00053808,-0.002793296,0.01,0.008130081,-0.003802281,-0.002985075,0.0,0.8823751564672498,1.7255648169926867
2021-06-30,1,1,0,426.6930237,0.000841725,-0.016806723,0.0,0.008064516,-0.011450382,-0.011976048,0.000841725,0.8831178736958272,1.7270172680382698
2021-07-01,1,1,0,429.0554504,0.005536596,0.005698006,0.00990099,0.008,0.0,0.009090909,0.005536596,0.88800734058286,1.7365790649364214
2021-07-02,1,1,0,432.3349304,0.007643488,-0.014164306,-0.009803922,-0.015873016,-0.019305019,-0.007507508,0.007643488,0.894794814034517,1.7498525861803143
2021-07-06,0,1,1,431.5474548,-0.001821448,0.002915452,-0.01,-0.008130081,0.0,0.006116208,-0.001821448,0.8931649918100835,1.7466653206869214
2021-07-07,1,1,0,433.0725708,0.003534063,-0.023255814,-0.02020202,-0.024590164,-0.024,-0.003039514,0.003534063,0.8963214931605348,1.7528381459701443
2021-07-08,0,1,1,429.5438843,-0.008148026,-0.008928571,-0.020618557,-0.008403361,-0.012295082,-0.009146341,-0.008148026,0.8890182423299039,1.7385559751829878
2021-07-09,1,0,-1,434.1291809,0.010674804,-0.024024024,-0.010526316,-0.008474576,-0.029045643,-0.018461538,0.0,0.8890182423299039,1.757114719461095
2021-07-12,1,1,0,435.6842041,0.003581937,0.0,0.010638298,0.008547009,0.004273504,-0.004702194,0.003581937,0.8922026496657804,1.7634085936879775
2021-07-13,0,1,1,434.1989746,-0.003408959,-0.009230769,0.0,-0.008474576,-0.008510638,0.0,-0.003408959,0.8891611674133784,1.7573972060918475
2021-07-14,1,1,0,434.8468933,0.001492216,-0.00310559,0.0,0.0,-0.004291845,-0.004724409,0.001492216,0.8904879879339712,1.7600196223211328
2021-07-15,0,1,1,433.3616638,-0.003415523,0.009345794,-0.010526316,0.0,0.00862069,0.009493671,-0.003415523,0.887446505729959,1.7540082348206436
2021-07-16,0,0,0,429.9625244,-0.007843655,0.0,0.0,-0.008547009,-0.004273504,0.001567398,-0.0,0.887446505729959,1.7402503993595515
2021-07-19,0,1,1,423.6128845,-0.014767891,0.024691358,0.0,0.00862069,0.030042918,0.012519562,-0.014767891,0.8743407924650081,1.7145505711491031
2021-07-20,1,1,0,429.6834412,0.014330434,-0.021084337,-0.010638298,-0.008547009,-0.025,-0.013910355,0.014330434,0.8868704754849355,1.7391208249486174
2021-07-21,1,1,0,433.1622925,0.008096312,0.0,0.010752688,0.0,0.004273504,0.003134796,0.008096312,0.8940508555580499,1.7532012897530986
2021-07-22,1,1,0,434.0693665,0.002094074,-0.009230769,0.0,0.00862069,-0.017021277,-0.003125,0.002094074,0.8959230642093516,1.756872622990737
2021-07-23,1,1,0,438.5350952,0.010288053,0.00931677,0.010638298,0.008547009,0.012987013,0.001567398,0.010288053,0.9051403681778599,1.7749474216503147
2021-07-26,1,1,0,439.6116333,0.00245485,0.030769231,0.010526316,0.008474576,0.034188034,0.014084507,0.00245485,0.9073623520106813,1.7793046513283528
2021-07-27,0,1,1,437.6080627,-0.004557592,-0.002985075,0.0,0.0,-0.008264463,0.00462963,-0.004557592,0.9032269646140562,1.771195306683896
2021-07-28,0,0,0,437.4286194,-0.000410055,0.0,0.0,-0.008403361,0.004166667,-0.001536098,-0.0,0.9032269646140562,1.7704690191924135
2021-07-29,1,1,0,439.2427979,0.00414737,-0.01497006,-0.010416667,-0.008474576,-0.01659751,-0.007692308,0.00414737,0.9069729810302877,1.7778118092885418
2021-07-30,0,1,1,437.1096497,-0.004856422,-0.009118541,0.0,0.0,-0.008438819,-0.00620155,-0.004856422,0.9025683374918065,1.769178004906053
2021-08-02,0,1,1,436.1925659,-0.002098063,0.00617284,0.0,0.0,0.004291845,-0.00625,-0.002098063,0.9006746922579434,1.7654661579935458
2021-08-03,1,1,0,439.7412109,0.008135501,-0.006134969,0.0,0.0,0.0,-0.004716981,0.008135501,0.9080021321174825,1.7798291096873684
2021-08-04,0,1,1,437.5781555,-0.004918928,0.012345679,0.0,0.00862069,0.012820513,0.02685624,-0.004918928,0.90353573500575,1.771074258444512
2021-08-05,1,1,0,440.3492737,0.006332853,-0.00304878,0.0,-0.008547009,0.0,-0.013846154,0.006332853,0.9092576939957884,1.7822902113753252
2021-08-06,1,0,-1,441.0769348,0.001652464,0.01529052,0.0,0.00862069,0.012658228,0.001560062,0.0,0.9092576939957884,1.7852353817871753
2021-08-09,0,0,0,440.7180786,-0.000813591,-0.009036145,0.0,-0.008547009,-0.008333333,-0.00623053,-0.0,0.9092576939957884,1.7837829303476718
2021-08-10,1,0,-1,441.2663269,0.001243989,0.003039514,0.0,0.0,0.008403361,-0.003134796,0.0,0.9092576939957884,1.786001936691412
2021-08-11,1,1,0,442.3628235,0.002484886,-0.009090909,-0.010638298,-0.00862069,-0.0125,0.0,0.002484886,0.9115170957099907,1.7904399478998692
2021-08-12,1,0,-1,443.6885681,0.002996962,-0.003058104,0.0,0.0,-0.004219409,0.001572327,0.0,0.9115170957099907,1.7958058283870073
2021-08-13,1,1,0,444.4960022,0.001819822,0.030674847,0.0,0.008695652,0.029661017,0.017268446,0.001819822,0.91317589457414,1.7990738753412343
2021-08-16,1,0,-1,445.5426331,0.002354646,-0.005952381,0.0,-0.00862069,-0.008230453,0.00154321,0.0,0.91317589457414,1.803310057445511
2021-08-17,0,1,1,442.6220093,-0.006555206,0.008982036,0.0,0.008695652,0.012448133,0.003081664,-0.006555206,0.9071898384709721,1.7914889885370837
2021-08-18,0,0,0,437.7774963,-0.010945034,-0.005934718,-0.010752688,-0.00862069,-0.004098361,-0.00921659,-0.0,0.9071898384709721,1.7718810806469196
2021-08-19,1,1,0,438.4553223,0.001548334,0.0,-0.010869565,-0.008695652,0.0,-0.003100775,0.001548334,0.9085944713423312,1.774624544368042
2021-08-20,1,0,-1,441.9441528,0.007957095,0.0,0.0,0.0,-0.004115226,-0.00311042,0.0,0.9085944713423312,1.7887454004569103
2021-08-23,1,1,0,445.8317261,0.008796526,0.014925373,0.010989011,0.0,0.020661157,0.017160686,0.008796526,0.9165869462329502,1.80448014587941
2021-08-24,1,0,-1,446.5394287,0.001587376,0.005882353,0.0,0.0,0.012145749,0.0,0.0,0.9165869462329502,1.8073445343554555
2021-08-25,1,0,-1,447.4764404,0.002098385,-0.014619883,-0.010869565,0.0,-0.02,-0.006134969,0.0,0.9165869462329502,1.811137039016179
2021-08-26,0,0,0,444.8348999,-0.005903195,0.0,0.0,-0.00877193,0.004081633,-0.00617284,-0.0,0.9165869462329502,1.8004455439031437
2021-08-27,1,1,0,448.8121643,0.00894099,-0.008902077,-0.010989011,0.0,-0.008130081,-0.007763975,0.00894099,0.9247821409533495,1.816543309506726
2021-08-30,1,1,0,450.7858276,0.004397526,0.002994012,0.0,0.0,0.0,0.006259781,0.004397526,0.9288488944625275,1.824531605940408
2021-08-31,0,0,0,450.117981,-0.001481517,-0.014925373,0.0,0.0,-0.016393443,-0.00933126,-0.0,0.9288488944625275,1.82182853134917
2021-09-01,1,1,0,450.3571777,0.000531409,-0.003030303,0.0,-0.008849558,0.0,-0.017268446,0.000531409,0.9293424931246849,1.8227966674271856
2021-09-02,1,1,0,451.7427673,0.003076646,0.015197568,0.011111111,0.008928571,0.008333333,0.020766773,0.003076646,0.932201750988787,1.8284047675028388
2021-09-03,0,1,1,451.6331177,-0.000242726,-0.002994012,0.0,0.0,-0.008264463,0.0,-0.000242726,0.9319754813865765,1.827960966127242
2021-09-07,0,1,1,450.01828,-0.003575552,-0.009063444,0.0,0.0,-0.012552301,-0.006289308,-0.003575552,0.9286431545901537,1.8214249966388838
2021-09-08,0,0,0,449.4700623,-0.001218212,0.0,0.011111111,0.0,0.008474576,-0.001582278,-0.0,0.9286431545901537,1.8192061148508782
2021-09-09,0,1,1,447.5462341,-0.004280214,-0.00304878,0.0,0.0,-0.008403361,-0.012678288,-0.004280214,0.9246683631588727,1.8114195233692079
2021-09-10,0,1,1,444.0175171,-0.007884587,-0.003058104,0.0,0.0,0.0,-0.008025682,-0.007884587,0.9173777350033989,1.7971372285437046
2021-09-13,1,0,-1,445.1538696,0.002559252,-0.012269939,0.0,0.0,-0.012711864,-0.001618123,0.0,0.9173777350033989,1.8017365555901295
2021-09-14,0,0,0,442.7515869,-0.005396522,0.00310559,0.0,-0.008849558,0.004291845,-0.004862237,-0.0,0.9173777350033989,1.7920134446296831
2021-09-15,1,0,-1,446.4497375,0.008352654,-0.00619195,-0.010989011,-0.008928571,-0.008547009,-0.008143322,0.0,0.9173777350033989,1.8069815128960232
2021-09-16,0,0,0,445.7420044,-0.001585247,-0.012461059,-0.011111111,-0.009009009,-0.012931034,-0.009852217,-0.0,0.9173777350033989,1.8041170008736493
2021-09-17,0,1,1,441.3999939,-0.009741084,0.0,0.0,0.0,-0.004366812,0.004975124,-0.009741084,0.9084414814270011,1.7865429456223112
2021-09-20,0,1,1,434.0400085,-0.016674185,-0.015772871,-0.02247191,-0.018181818,-0.01754386,-0.008250825,-0.016674185,0.8932939601040133,1.75675379803656
2021-09-21,0,0,0,433.6300049,-0.000944622,0.009615385,0.0,0.0,0.013392857,0.0,-0.0,0.8932939601040133,1.755094329750351
2021-09-22,1,0,-1,437.8599854,0.009754815,0.00952381,0.0,0.0,0.013215859,0.004991681,0.0,0.8932939601040133,1.7722149502446145
2021-09-23,1,0,-1,443.1799927,0.012150019,-0.012578616,0.0,0.0,-0.02173913,0.0,0.0,0.8932939601040133,1.7937473955621706
2021-09-24,1,0,-1,443.9100037,0.001647211,0.003184713,0.011494253,0.0,0.004444444,-0.001655629,0.0,0.8932939601040133,1.796702076003362
2021-09-27,0,1,1,442.6400146,-0.002860916,-0.006349206,0.0,0.009259259,-0.004424779,-0.004975124,-0.002860916,0.8907383211208483,1.7915618622868907
2021-09-28,0,0,0,433.7200012,-0.020151846,-0.015974441,-0.011363636,-0.009174312,-0.017777778,-0.011666667,-0.0,0.8907383211208483,1.755458583538612
2021-09-29,1,0,-1,434.4500122,0.001683139,-0.012987013,-0.011494253,-0.009259259,-0.018099548,-0.010118044,0.0,0.8907383211208483,1.7584132643434507
2021-09-30,0,1,1,429.1400146,-0.012222344,0.003289474,0.0,0.0,0.004608295,0.003407155,-0.012222344,0.8798514109461268,1.7369213325324822
2021-10-01,1,0,-1,434.2399902,0.011884176,-0.006557377,0.0,0.0,-0.009174312,-0.006791171,0.0,0.8798514109461268,1.7575632113464525
